,Suma,Dado 1,Dado 2
1,3,2,1
2,8,5,3
3,8,3,5
4,9,5,4
5,6,3,3
6,5,2,3
7,7,2,5
8,8,3,5
9,9,6,3
10,5,2,3
11,8,5,3
12,4,3,1
13,4,3,1
14,4,2,2
15,6,3,3
16,5,4,1
17,8,4,4
18,6,2,4
19,7,3,4
20,5,2,3
21,11,5,6
22,4,1,3
23,5,3,2
24,2,1,1
25,7,5,2
26,4,3,1
27,11,6,5
28,6,3,3
29,12,6,6
30,3,2,1
31,7,4,3
32,9,6,3
33,6,4,2
34,3,1,2
35,4,1,3
36,4,2,2
37,6,5,1
38,10,5,5
39,7,1,6
40,7,4,3
41,9,4,5
42,11,6,5
43,8,4,4
44,2,1,1
45,4,3,1
46,5,1,4
47,7,3,4
48,5,2,3
49,8,2,6
50,6,2,4
51,10,6,4
52,4,2,2
53,12,6,6
54,3,1,2
55,6,2,4
56,9,3,6
57,8,6,2
58,4,1,3
59,10,6,4
60,4,3,1
61,9,6,3
62,8,6,2
63,10,5,5
64,11,6,5
65,9,5,4
66,5,1,4
67,7,6,1
68,9,3,6
69,11,5,6
70,5,4,1
71,8,4,4
72,7,4,3
73,9,5,4
74,9,5,4
75,5,2,3
76,8,2,6
77,6,2,4
78,7,4,3
79,9,3,6
80,4,2,2
81,7,1,6
82,10,6,4
83,6,5,1
84,11,5,6
85,3,1,2
86,9,6,3
87,6,1,5
88,11,5,6
89,4,1,3
90,9,5,4
91,5,1,4
92,4,1,3
93,3,2,1
94,6,1,5
95,9,5,4
96,3,1,2
97,5,3,2
98,10,4,6
99,12,6,6
100,7,5,2
101,3,1,2
102,8,3,5
103,10,5,5
104,4,3,1
105,7,5,2
106,12,6,6
107,11,6,5
108,8,3,5
109,7,2,5
110,10,6,4
111,11,5,6
112,7,2,5
113,9,4,5
114,9,5,4
115,6,1,5
116,5,2,3
117,8,3,5
118,5,4,1
119,10,5,5
120,5,1,4
121,9,6,3
122,8,3,5
123,5,1,4
124,6,3,3
125,11,5,6
126,3,2,1
127,4,3,1
128,6,4,2
129,5,2,3
130,9,6,3
131,8,6,2
132,9,6,3
133,5,1,4
134,3,1,2
135,4,2,2
136,6,3,3
137,5,1,4
138,5,1,4
139,7,3,4
140,6,5,1
141,5,1,4
142,5,1,4
143,6,4,2
144,3,2,1
145,5,1,4
146,12,6,6
147,3,2,1
148,6,2,4
149,7,2,5
150,10,6,4
151,7,3,4
152,6,2,4
153,11,6,5
154,4,3,1
155,3,2,1
156,7,2,5
157,7,1,6
158,7,1,6
159,8,4,4
160,12,6,6
161,5,3,2
162,8,4,4
163,7,2,5
164,9,6,3
165,9,5,4
166,8,6,2
167,8,5,3
168,7,3,4
169,5,1,4
170,4,1,3
171,9,4,5
172,7,5,2
173,6,4,2
174,7,2,5
175,11,5,6
176,9,5,4
177,8,2,6
178,3,1,2
179,6,2,4
180,7,1,6
181,10,5,5
182,7,2,5
183,7,2,5
184,6,2,4
185,8,4,4
186,9,6,3
187,7,1,6
188,9,6,3
189,7,4,3
190,10,6,4
191,7,6,1
192,11,5,6
193,5,2,3
194,12,6,6
195,5,2,3
196,5,3,2
197,11,5,6
198,3,2,1
199,5,2,3
200,7,6,1
201,6,2,4
202,3,1,2
203,9,5,4
204,7,2,5
205,11,6,5
206,6,4,2
207,3,1,2
208,9,6,3
209,5,1,4
210,3,2,1
211,9,3,6
212,6,2,4
213,5,2,3
214,4,3,1
215,5,2,3
216,6,4,2
217,2,1,1
218,4,2,2
219,11,6,5
220,6,5,1
221,6,5,1
222,7,2,5
223,9,4,5
224,10,6,4
225,9,4,5
226,5,3,2
227,10,5,5
228,10,5,5
229,3,2,1
230,4,2,2
231,8,2,6
232,5,3,2
233,7,2,5
234,7,3,4
235,3,2,1
236,10,5,5
237,7,1,6
238,6,5,1
239,10,5,5
240,10,6,4
241,8,5,3
242,4,2,2
243,10,5,5
244,4,2,2
245,7,4,3
246,6,2,4
247,6,3,3
248,10,5,5
249,2,1,1
250,2,1,1
251,11,5,6
252,7,1,6
253,8,4,4
254,7,2,5
255,5,1,4
256,10,5,5
257,9,6,3
258,7,5,2
259,12,6,6
260,10,6,4
261,3,2,1
262,9,3,6
263,7,5,2
264,12,6,6
265,3,2,1
266,3,1,2
267,4,3,1
268,8,6,2
269,4,2,2
270,3,1,2
271,9,6,3
272,7,6,1
273,3,2,1
274,6,4,2
275,7,4,3
276,7,1,6
277,5,2,3
278,5,4,1
279,9,4,5
280,4,1,3
281,8,6,2
282,10,4,6
283,5,3,2
284,9,5,4
285,9,4,5
286,8,3,5
287,11,5,6
288,6,3,3
289,10,5,5
290,7,2,5
291,6,3,3
292,10,6,4
293,5,4,1
294,5,1,4
295,7,1,6
296,8,3,5
297,6,2,4
298,7,2,5
299,6,3,3
300,4,3,1
301,10,4,6
302,10,5,5
303,9,5,4
304,8,3,5
305,9,6,3
306,11,6,5
307,5,3,2
308,4,1,3
309,7,4,3
310,11,5,6
311,7,3,4
312,4,1,3
313,6,3,3
314,10,6,4
315,5,2,3
316,3,2,1
317,5,2,3
318,8,4,4
319,9,6,3
320,7,4,3
321,7,2,5
322,7,5,2
323,11,6,5
324,8,5,3
325,8,2,6
326,6,2,4
327,9,3,6
328,7,6,1
329,2,1,1
330,7,6,1
331,10,6,4
332,8,5,3
333,6,1,5
334,6,1,5
335,10,4,6
336,9,5,4
337,6,3,3
338,7,1,6
339,5,3,2
340,9,4,5
341,6,4,2
342,8,5,3
343,6,5,1
344,10,5,5
345,5,2,3
346,8,2,6
347,6,2,4
348,4,3,1
349,9,3,6
350,6,3,3
351,5,2,3
352,7,5,2
353,11,6,5
354,9,5,4
355,6,2,4
356,5,4,1
357,12,6,6
358,8,3,5
359,3,1,2
360,10,5,5
361,8,5,3
362,11,5,6
363,5,4,1
364,10,6,4
365,8,4,4
366,6,5,1
367,7,1,6
368,10,6,4
369,9,3,6
370,6,3,3
371,6,5,1
372,7,6,1
373,7,1,6
374,4,1,3
375,10,4,6
376,7,6,1
377,6,2,4
378,10,4,6
379,7,5,2
380,7,4,3
381,5,2,3
382,3,1,2
383,9,3,6
384,3,1,2
385,7,4,3
386,8,6,2
387,3,2,1
388,8,5,3
389,10,6,4
390,7,4,3
391,10,6,4
392,6,1,5
393,7,1,6
394,4,2,2
395,7,1,6
396,8,4,4
397,7,4,3
398,8,3,5
399,6,2,4
400,7,3,4
401,5,3,2
402,7,4,3
403,10,4,6
404,10,6,4
405,6,1,5
406,10,6,4
407,7,5,2
408,4,1,3
409,6,5,1
410,11,6,5
411,6,4,2
412,8,3,5
413,4,1,3
414,9,5,4
415,9,5,4
416,3,1,2
417,8,3,5
418,5,1,4
419,2,1,1
420,10,5,5
421,7,5,2
422,8,6,2
423,12,6,6
424,9,6,3
425,6,4,2
426,2,1,1
427,9,5,4
428,3,1,2
429,7,1,6
430,8,4,4
431,10,5,5
432,9,3,6
433,9,4,5
434,2,1,1
435,7,1,6
436,3,1,2
437,6,5,1
438,7,3,4
439,5,4,1
440,6,2,4
441,10,6,4
442,6,3,3
443,7,5,2
444,6,2,4
445,8,2,6
446,6,3,3
447,5,4,1
448,7,3,4
449,4,1,3
450,4,1,3
451,9,4,5
452,10,6,4
453,3,1,2
454,6,2,4
455,7,6,1
456,7,5,2
457,7,2,5
458,7,4,3
459,10,5,5
460,10,4,6
461,6,1,5
462,6,4,2
463,7,2,5
464,9,6,3
465,5,3,2
466,6,1,5
467,8,3,5
468,7,1,6
469,9,5,4
470,6,5,1
471,4,1,3
472,7,2,5
473,9,4,5
474,6,4,2
475,6,4,2
476,4,3,1
477,9,6,3
478,6,3,3
479,10,6,4
480,7,4,3
481,7,3,4
482,7,4,3
483,10,6,4
484,6,5,1
485,6,3,3
486,8,5,3
487,8,5,3
488,5,3,2
489,9,4,5
490,7,3,4
491,4,3,1
492,12,6,6
493,4,1,3
494,7,2,5
495,7,5,2
496,8,2,6
497,7,4,3
498,8,4,4
499,10,4,6
500,10,4,6
501,6,1,5
502,7,4,3
503,8,3,5
504,10,6,4
505,8,6,2
506,5,2,3
507,7,4,3
508,8,4,4
509,5,4,1
510,10,6,4
511,6,5,1
512,7,6,1
513,4,3,1
514,9,3,6
515,9,4,5
516,7,1,6
517,7,2,5
518,4,2,2
519,5,2,3
520,12,6,6
521,9,6,3
522,6,5,1
523,2,1,1
524,4,2,2
525,5,2,3
526,5,1,4
527,8,3,5
528,6,1,5
529,8,6,2
530,3,2,1
531,7,1,6
532,7,2,5
533,5,2,3
534,9,6,3
535,4,2,2
536,6,2,4
537,5,2,3
538,5,3,2
539,4,2,2
540,10,6,4
541,4,3,1
542,8,5,3
543,2,1,1
544,9,6,3
545,10,6,4
546,10,6,4
547,8,2,6
548,5,4,1
549,2,1,1
550,7,4,3
551,6,5,1
552,8,3,5
553,7,3,4
554,5,1,4
555,9,6,3
556,3,1,2
557,10,4,6
558,8,3,5
559,2,1,1
560,10,5,5
561,9,4,5
562,4,1,3
563,4,3,1
564,7,5,2
565,7,1,6
566,3,1,2
567,6,5,1
568,9,4,5
569,4,2,2
570,4,2,2
571,3,2,1
572,7,6,1
573,6,3,3
574,8,5,3
575,5,3,2
576,10,5,5
577,8,5,3
578,11,6,5
579,10,5,5
580,7,2,5
581,9,3,6
582,11,5,6
583,11,5,6
584,11,6,5
585,7,6,1
586,2,1,1
587,7,3,4
588,6,1,5
589,7,1,6
590,7,2,5
591,5,3,2
592,3,1,2
593,9,4,5
594,8,6,2
595,8,6,2
596,10,5,5
597,6,3,3
598,6,1,5
599,9,5,4
600,9,3,6
601,9,3,6
602,3,2,1
603,6,2,4
604,5,2,3
605,3,2,1
606,10,4,6
607,7,1,6
608,7,4,3
609,7,6,1
610,4,3,1
611,7,3,4
612,7,5,2
613,12,6,6
614,4,3,1
615,2,1,1
616,7,5,2
617,5,1,4
618,7,5,2
619,11,6,5
620,9,4,5
621,3,1,2
622,5,4,1
623,12,6,6
624,4,1,3
625,10,5,5
626,4,1,3
627,6,3,3
628,7,5,2
629,6,1,5
630,6,3,3
631,6,5,1
632,7,1,6
633,6,1,5
634,7,1,6
635,2,1,1
636,7,2,5
637,9,6,3
638,8,2,6
639,3,2,1
640,9,3,6
641,6,3,3
642,7,5,2
643,4,2,2
644,7,2,5
645,9,3,6
646,3,2,1
647,9,3,6
648,5,3,2
649,3,1,2
650,12,6,6
651,6,5,1
652,5,1,4
653,5,1,4
654,10,4,6
655,9,4,5
656,11,6,5
657,4,1,3
658,8,4,4
659,8,6,2
660,6,3,3
661,5,4,1
662,6,4,2
663,5,1,4
664,6,2,4
665,6,4,2
666,5,1,4
667,6,1,5
668,9,3,6
669,5,3,2
670,6,2,4
671,9,3,6
672,4,3,1
673,6,5,1
674,9,3,6
675,6,5,1
676,6,3,3
677,7,4,3
678,7,6,1
679,9,3,6
680,7,2,5
681,11,6,5
682,10,5,5
683,5,2,3
684,4,2,2
685,6,2,4
686,6,5,1
687,5,4,1
688,6,2,4
689,5,2,3
690,4,1,3
691,8,2,6
692,8,5,3
693,5,4,1
694,6,5,1
695,12,6,6
696,5,3,2
697,9,3,6
698,6,4,2
699,3,2,1
700,11,6,5
701,8,2,6
702,7,2,5
703,5,4,1
704,3,1,2
705,9,5,4
706,11,5,6
707,9,4,5
708,8,3,5
709,5,4,1
710,10,6,4
711,7,4,3
712,3,2,1
713,12,6,6
714,7,4,3
715,6,5,1
716,4,2,2
717,8,6,2
718,6,1,5
719,11,5,6
720,7,3,4
721,2,1,1
722,8,5,3
723,6,4,2
724,5,4,1
725,5,4,1
726,4,2,2
727,8,4,4
728,7,2,5
729,9,4,5
730,6,1,5
731,7,4,3
732,6,4,2
733,9,6,3
734,4,3,1
735,7,6,1
736,6,4,2
737,10,4,6
738,8,6,2
739,7,5,2
740,10,5,5
741,8,2,6
742,7,1,6
743,8,5,3
744,8,2,6
745,4,3,1
746,6,1,5
747,7,2,5
748,7,2,5
749,8,6,2
750,4,2,2
751,6,1,5
752,8,2,6
753,6,5,1
754,7,5,2
755,11,6,5
756,9,6,3
757,12,6,6
758,7,1,6
759,7,3,4
760,5,2,3
761,5,1,4
762,8,3,5
763,8,2,6
764,10,6,4
765,3,1,2
766,7,1,6
767,5,1,4
768,3,2,1
769,5,1,4
770,3,2,1
771,8,3,5
772,7,4,3
773,3,1,2
774,8,6,2
775,4,1,3
776,12,6,6
777,6,5,1
778,4,1,3
779,8,3,5
780,3,2,1
781,9,3,6
782,6,2,4
783,5,4,1
784,8,3,5
785,4,1,3
786,10,6,4
787,6,1,5
788,6,1,5
789,6,4,2
790,6,4,2
791,3,1,2
792,4,2,2
793,9,4,5
794,5,1,4
795,7,2,5
796,8,4,4
797,4,2,2
798,12,6,6
799,8,4,4
800,8,4,4
801,7,3,4
802,7,3,4
803,6,2,4
804,12,6,6
805,10,6,4
806,8,2,6
807,9,5,4
808,5,1,4
809,8,3,5
810,11,6,5
811,7,2,5
812,10,4,6
813,4,2,2
814,5,4,1
815,4,1,3
816,11,5,6
817,10,5,5
818,5,4,1
819,9,5,4
820,11,6,5
821,8,6,2
822,5,4,1
823,4,1,3
824,8,5,3
825,7,6,1
826,10,5,5
827,9,4,5
828,6,3,3
829,2,1,1
830,9,3,6
831,7,4,3
832,5,2,3
833,5,2,3
834,8,2,6
835,4,1,3
836,3,1,2
837,7,2,5
838,6,2,4
839,11,6,5
840,3,2,1
841,10,5,5
842,10,6,4
843,10,6,4
844,6,2,4
845,6,5,1
846,3,1,2
847,9,4,5
848,11,5,6
849,9,4,5
850,8,4,4
851,10,4,6
852,6,4,2
853,6,5,1
854,5,4,1
855,8,4,4
856,10,4,6
857,8,6,2
858,11,6,5
859,6,3,3
860,3,1,2
861,8,5,3
862,10,5,5
863,6,2,4
864,12,6,6
865,12,6,6
866,4,3,1
867,11,5,6
868,7,2,5
869,5,3,2
870,7,4,3
871,4,1,3
872,5,2,3
873,7,3,4
874,4,2,2
875,3,1,2
876,9,5,4
877,5,3,2
878,6,5,1
879,7,6,1
880,6,1,5
881,6,5,1
882,10,6,4
883,8,5,3
884,4,3,1
885,7,1,6
886,8,2,6
887,10,4,6
888,6,3,3
889,10,4,6
890,6,1,5
891,8,5,3
892,7,5,2
893,5,4,1
894,7,2,5
895,7,6,1
896,5,1,4
897,7,5,2
898,4,3,1
899,8,2,6
900,12,6,6
901,9,6,3
902,5,4,1
903,7,2,5
904,7,4,3
905,9,3,6
906,8,5,3
907,7,2,5
908,3,1,2
909,4,3,1
910,8,6,2
911,7,5,2
912,5,2,3
913,9,3,6
914,7,4,3
915,9,6,3
916,7,4,3
917,8,5,3
918,6,5,1
919,7,6,1
920,8,3,5
921,6,4,2
922,9,3,6
923,10,6,4
924,6,2,4
925,8,6,2
926,11,5,6
927,4,2,2
928,9,5,4
929,7,5,2
930,7,5,2
931,8,5,3
932,5,1,4
933,7,1,6
934,6,4,2
935,7,4,3
936,9,6,3
937,10,6,4
938,6,4,2
939,10,5,5
940,10,6,4
941,8,2,6
942,6,3,3
943,6,1,5
944,3,2,1
945,6,4,2
946,9,4,5
947,6,2,4
948,6,1,5
949,9,6,3
950,3,2,1
951,7,4,3
952,6,1,5
953,8,3,5
954,6,5,1
955,7,3,4
956,9,4,5
957,9,4,5
958,5,3,2
959,4,1,3
960,5,1,4
961,9,6,3
962,4,3,1
963,5,1,4
964,7,4,3
965,8,4,4
966,5,4,1
967,7,2,5
968,9,6,3
969,10,4,6
970,6,5,1
971,7,2,5
972,8,3,5
973,8,3,5
974,8,3,5
975,5,3,2
976,4,1,3
977,8,3,5
978,4,2,2
979,2,1,1
980,8,2,6
981,8,2,6
982,11,6,5
983,7,3,4
984,8,5,3
985,3,2,1
986,10,6,4
987,8,6,2
988,7,3,4
989,7,2,5
990,7,5,2
991,5,3,2
992,7,6,1
993,5,1,4
994,6,4,2
995,5,1,4
996,9,4,5
997,3,1,2
998,8,4,4
999,8,6,2
1000,8,6,2
1001,6,5,1
1002,7,2,5
1003,8,3,5
1004,10,4,6
1005,8,2,6
1006,10,6,4
1007,6,1,5
1008,12,6,6
1009,10,6,4
1010,2,1,1
1011,5,3,2
1012,7,1,6
1013,4,1,3
1014,6,5,1
1015,6,2,4
1016,9,4,5
1017,7,1,6
1018,7,3,4
1019,8,6,2
1020,6,3,3
1021,7,3,4
1022,12,6,6
1023,7,3,4
1024,4,1,3
1025,9,4,5
1026,5,3,2
1027,7,1,6
1028,9,3,6
1029,7,1,6
1030,6,5,1
1031,6,2,4
1032,7,1,6
1033,7,6,1
1034,7,4,3
1035,5,1,4
1036,8,4,4
1037,2,1,1
1038,6,5,1
1039,7,3,4
1040,4,3,1
1041,7,3,4
1042,12,6,6
1043,5,3,2
1044,7,3,4
1045,6,3,3
1046,6,2,4
1047,7,5,2
1048,10,5,5
1049,5,3,2
1050,8,4,4
1051,8,3,5
1052,8,5,3
1053,2,1,1
1054,6,4,2
1055,11,6,5
1056,2,1,1
1057,7,4,3
1058,6,4,2
1059,8,4,4
1060,8,3,5
1061,7,1,6
1062,6,2,4
1063,7,2,5
1064,6,1,5
1065,6,2,4
1066,8,6,2
1067,8,6,2
1068,4,1,3
1069,6,1,5
1070,6,4,2
1071,10,5,5
1072,8,4,4
1073,9,6,3
1074,8,6,2
1075,6,4,2
1076,12,6,6
1077,6,4,2
1078,8,4,4
1079,4,2,2
1080,8,5,3
1081,7,2,5
1082,8,3,5
1083,5,2,3
1084,8,5,3
1085,10,5,5
1086,8,6,2
1087,9,5,4
1088,9,6,3
1089,2,1,1
1090,8,5,3
1091,6,3,3
1092,4,2,2
1093,8,6,2
1094,10,4,6
1095,4,1,3
1096,3,1,2
1097,3,1,2
1098,4,1,3
1099,8,6,2
1100,2,1,1
1101,8,4,4
1102,9,4,5
1103,4,2,2
1104,8,5,3
1105,9,3,6
1106,6,5,1
1107,2,1,1
1108,7,4,3
1109,3,2,1
1110,6,3,3
1111,3,2,1
1112,10,5,5
1113,9,6,3
1114,8,2,6
1115,8,5,3
1116,5,2,3
1117,9,3,6
1118,8,4,4
1119,2,1,1
1120,7,1,6
1121,6,2,4
1122,6,2,4
1123,5,1,4
1124,7,3,4
1125,9,4,5
1126,10,4,6
1127,8,2,6
1128,5,1,4
1129,12,6,6
1130,9,5,4
1131,10,4,6
1132,8,2,6
1133,6,3,3
1134,10,6,4
1135,10,5,5
1136,5,2,3
1137,6,1,5
1138,2,1,1
1139,5,1,4
1140,7,2,5
1141,5,1,4
1142,8,3,5
1143,9,4,5
1144,8,6,2
1145,9,3,6
1146,6,3,3
1147,6,4,2
1148,8,2,6
1149,8,6,2
1150,10,5,5
1151,11,5,6
1152,5,2,3
1153,5,2,3
1154,10,5,5
1155,9,5,4
1156,4,3,1
1157,3,2,1
1158,6,4,2
1159,3,2,1
1160,5,4,1
1161,9,3,6
1162,9,5,4
1163,7,2,5
1164,3,1,2
1165,7,3,4
1166,8,5,3
1167,8,2,6
1168,7,1,6
1169,7,6,1
1170,12,6,6
1171,5,1,4
1172,8,5,3
1173,3,2,1
1174,6,4,2
1175,11,6,5
1176,11,6,5
1177,9,6,3
1178,5,4,1
1179,4,1,3
1180,6,3,3
1181,9,4,5
1182,10,5,5
1183,12,6,6
1184,3,1,2
1185,8,2,6
1186,4,1,3
1187,9,5,4
1188,7,2,5
1189,5,1,4
1190,6,3,3
1191,10,5,5
1192,6,2,4
1193,8,2,6
1194,4,3,1
1195,7,1,6
1196,10,4,6
1197,6,4,2
1198,6,2,4
1199,9,5,4
1200,7,3,4
1201,4,1,3
1202,3,1,2
1203,6,2,4
1204,8,5,3
1205,3,1,2
1206,6,1,5
1207,7,5,2
1208,8,2,6
1209,8,6,2
1210,10,5,5
1211,10,5,5
1212,7,2,5
1213,5,4,1
1214,7,6,1
1215,3,2,1
1216,8,6,2
1217,7,1,6
1218,8,4,4
1219,6,1,5
1220,10,5,5
1221,6,5,1
1222,12,6,6
1223,8,4,4
1224,7,4,3
1225,7,1,6
1226,7,3,4
1227,6,3,3
1228,6,4,2
1229,8,2,6
1230,6,3,3
1231,3,2,1
1232,8,5,3
1233,11,6,5
1234,8,3,5
1235,7,1,6
1236,6,2,4
1237,8,5,3
1238,8,6,2
1239,7,3,4
1240,3,1,2
1241,6,4,2
1242,11,6,5
1243,9,6,3
1244,3,1,2
1245,5,3,2
1246,8,5,3
1247,9,4,5
1248,7,4,3
1249,7,4,3
1250,5,3,2
1251,8,4,4
1252,9,4,5
1253,10,6,4
1254,10,4,6
1255,7,4,3
1256,4,1,3
1257,11,5,6
1258,10,6,4
1259,8,2,6
1260,11,5,6
1261,10,4,6
1262,5,3,2
1263,6,2,4
1264,7,3,4
1265,7,6,1
1266,5,3,2
1267,6,2,4
1268,6,1,5
1269,12,6,6
1270,8,5,3
1271,10,5,5
1272,4,3,1
1273,5,4,1
1274,10,4,6
1275,9,6,3
1276,4,3,1
1277,6,3,3
1278,10,4,6
1279,9,5,4
1280,5,2,3
1281,7,5,2
1282,11,6,5
1283,9,5,4
1284,7,4,3
1285,3,1,2
1286,12,6,6
1287,7,1,6
1288,7,3,4
1289,11,5,6
1290,9,3,6
1291,6,2,4
1292,7,2,5
1293,7,5,2
1294,8,3,5
1295,8,3,5
1296,12,6,6
1297,3,1,2
1298,7,6,1
1299,6,1,5
1300,11,6,5
1301,8,3,5
1302,9,5,4
1303,9,4,5
1304,4,2,2
1305,5,2,3
1306,8,4,4
1307,5,1,4
1308,5,2,3
1309,8,6,2
1310,7,1,6
1311,10,6,4
1312,7,5,2
1313,4,3,1
1314,8,4,4
1315,7,6,1
1316,9,3,6
1317,8,5,3
1318,11,6,5
1319,5,1,4
1320,8,4,4
1321,2,1,1
1322,6,1,5
1323,8,6,2
1324,8,4,4
1325,11,6,5
1326,7,3,4
1327,7,5,2
1328,12,6,6
1329,3,2,1
1330,9,4,5
1331,7,3,4
1332,6,2,4
1333,8,4,4
1334,7,3,4
1335,5,2,3
1336,5,2,3
1337,11,6,5
1338,11,5,6
1339,8,5,3
1340,6,3,3
1341,6,4,2
1342,6,2,4
1343,12,6,6
1344,10,5,5
1345,8,3,5
1346,5,3,2
1347,6,3,3
1348,8,3,5
1349,7,1,6
1350,5,1,4
1351,9,6,3
1352,8,5,3
1353,7,5,2
1354,9,4,5
1355,8,3,5
1356,6,2,4
1357,7,5,2
1358,4,2,2
1359,2,1,1
1360,7,3,4
1361,5,3,2
1362,9,4,5
1363,5,1,4
1364,9,5,4
1365,9,6,3
1366,6,2,4
1367,10,4,6
1368,7,6,1
1369,7,3,4
1370,11,6,5
1371,7,2,5
1372,10,5,5
1373,7,2,5
1374,6,3,3
1375,6,3,3
1376,6,4,2
1377,11,5,6
1378,6,4,2
1379,4,2,2
1380,12,6,6
1381,9,4,5
1382,8,4,4
1383,8,5,3
1384,3,1,2
1385,9,4,5
1386,6,4,2
1387,10,4,6
1388,6,3,3
1389,8,3,5
1390,12,6,6
1391,4,2,2
1392,2,1,1
1393,6,2,4
1394,8,3,5
1395,9,5,4
1396,11,5,6
1397,10,5,5
1398,9,6,3
1399,7,2,5
1400,10,6,4
1401,7,3,4
1402,4,3,1
1403,9,6,3
1404,11,6,5
1405,5,2,3
1406,6,1,5
1407,7,1,6
1408,9,4,5
1409,6,3,3
1410,7,5,2
1411,6,1,5
1412,8,3,5
1413,8,3,5
1414,7,2,5
1415,10,5,5
1416,12,6,6
1417,5,1,4
1418,7,6,1
1419,3,1,2
1420,6,2,4
1421,8,4,4
1422,7,1,6
1423,9,3,6
1424,7,6,1
1425,8,6,2
1426,8,2,6
1427,12,6,6
1428,8,5,3
1429,11,6,5
1430,9,6,3
1431,7,3,4
1432,11,5,6
1433,10,4,6
1434,7,6,1
1435,6,4,2
1436,9,6,3
1437,6,4,2
1438,11,6,5
1439,5,2,3
1440,11,6,5
1441,6,2,4
1442,11,6,5
1443,5,4,1
1444,7,2,5
1445,7,6,1
1446,7,6,1
1447,5,1,4
1448,12,6,6
1449,7,6,1
1450,8,6,2
1451,7,6,1
1452,6,1,5
1453,10,4,6
1454,6,2,4
1455,6,4,2
1456,10,6,4
1457,2,1,1
1458,6,3,3
1459,6,3,3
1460,9,3,6
1461,8,3,5
1462,11,5,6
1463,7,1,6
1464,11,6,5
1465,11,5,6
1466,6,2,4
1467,7,3,4
1468,8,5,3
1469,2,1,1
1470,9,4,5
1471,5,3,2
1472,7,3,4
1473,4,3,1
1474,11,5,6
1475,5,4,1
1476,6,1,5
1477,10,6,4
1478,10,4,6
1479,8,6,2
1480,2,1,1
1481,10,4,6
1482,11,6,5
1483,8,2,6
1484,6,2,4
1485,4,1,3
1486,9,5,4
1487,10,5,5
1488,8,2,6
1489,6,1,5
1490,4,2,2
1491,5,3,2
1492,11,5,6
1493,5,3,2
1494,3,1,2
1495,4,2,2
1496,8,5,3
1497,9,5,4
1498,5,2,3
1499,9,6,3
1500,7,6,1
1501,12,6,6
1502,5,4,1
1503,5,4,1
1504,3,1,2
1505,6,3,3
1506,12,6,6
1507,9,5,4
1508,11,5,6
1509,3,2,1
1510,6,5,1
1511,5,3,2
1512,10,5,5
1513,7,2,5
1514,7,6,1
1515,7,6,1
1516,8,2,6
1517,12,6,6
1518,6,5,1
1519,7,1,6
1520,7,5,2
1521,3,2,1
1522,9,4,5
1523,9,5,4
1524,5,2,3
1525,7,3,4
1526,8,4,4
1527,12,6,6
1528,7,3,4
1529,4,1,3
1530,10,6,4
1531,5,1,4
1532,11,5,6
1533,6,5,1
1534,7,1,6
1535,3,1,2
1536,9,6,3
1537,6,2,4
1538,8,5,3
1539,6,4,2
1540,7,3,4
1541,11,6,5
1542,7,2,5
1543,10,6,4
1544,12,6,6
1545,4,3,1
1546,6,4,2
1547,8,6,2
1548,4,3,1
1549,5,2,3
1550,3,2,1
1551,6,5,1
1552,6,3,3
1553,8,3,5
1554,9,6,3
1555,5,4,1
1556,7,5,2
1557,7,6,1
1558,5,4,1
1559,5,3,2
1560,3,2,1
1561,12,6,6
1562,12,6,6
1563,6,5,1
1564,8,6,2
1565,5,2,3
1566,8,4,4
1567,5,4,1
1568,11,5,6
1569,3,2,1
1570,9,6,3
1571,7,2,5
1572,11,5,6
1573,4,2,2
1574,5,4,1
1575,6,4,2
1576,7,6,1
1577,7,1,6
1578,8,5,3
1579,6,5,1
1580,6,2,4
1581,9,6,3
1582,6,4,2
1583,5,1,4
1584,10,4,6
1585,9,3,6
1586,6,2,4
1587,6,5,1
1588,8,2,6
1589,6,1,5
1590,10,5,5
1591,5,2,3
1592,10,6,4
1593,2,1,1
1594,5,4,1
1595,8,2,6
1596,10,5,5
1597,6,3,3
1598,7,2,5
1599,5,2,3
1600,6,5,1
1601,9,3,6
1602,11,6,5
1603,6,4,2
1604,9,4,5
1605,7,5,2
1606,6,4,2
1607,10,4,6
1608,7,3,4
1609,7,6,1
1610,2,1,1
1611,5,3,2
1612,7,6,1
1613,9,5,4
1614,5,3,2
1615,7,3,4
1616,8,4,4
1617,4,1,3
1618,6,4,2
1619,4,2,2
1620,7,2,5
1621,10,6,4
1622,7,2,5
1623,5,1,4
1624,12,6,6
1625,9,4,5
1626,11,6,5
1627,4,1,3
1628,11,5,6
1629,5,4,1
1630,7,6,1
1631,7,1,6
1632,7,5,2
1633,11,5,6
1634,3,2,1
1635,7,1,6
1636,5,4,1
1637,6,4,2
1638,7,4,3
1639,9,6,3
1640,5,4,1
1641,11,5,6
1642,3,2,1
1643,7,1,6
1644,6,3,3
1645,10,6,4
1646,7,3,4
1647,11,6,5
1648,10,4,6
1649,7,4,3
1650,11,6,5
1651,2,1,1
1652,10,5,5
1653,9,6,3
1654,8,3,5
1655,6,1,5
1656,4,2,2
1657,5,1,4
1658,8,3,5
1659,3,2,1
1660,9,6,3
1661,3,2,1
1662,5,1,4
1663,8,3,5
1664,4,2,2
1665,3,2,1
1666,8,3,5
1667,7,4,3
1668,5,1,4
1669,11,5,6
1670,8,2,6
1671,8,5,3
1672,9,6,3
1673,3,2,1
1674,11,6,5
1675,5,2,3
1676,7,1,6
1677,7,6,1
1678,9,6,3
1679,11,6,5
1680,7,2,5
1681,5,3,2
1682,9,6,3
1683,4,2,2
1684,5,2,3
1685,8,6,2
1686,8,4,4
1687,11,6,5
1688,10,6,4
1689,11,6,5
1690,7,1,6
1691,11,6,5
1692,7,5,2
1693,8,2,6
1694,9,3,6
1695,7,5,2
1696,9,4,5
1697,7,5,2
1698,2,1,1
1699,8,2,6
1700,9,3,6
1701,9,4,5
1702,5,2,3
1703,7,1,6
1704,8,6,2
1705,10,6,4
1706,3,1,2
1707,7,5,2
1708,8,4,4
1709,7,3,4
1710,6,5,1
1711,7,4,3
1712,5,2,3
1713,8,4,4
1714,6,2,4
1715,7,2,5
1716,8,6,2
1717,8,4,4
1718,9,3,6
1719,4,3,1
1720,7,3,4
1721,6,4,2
1722,9,4,5
1723,7,1,6
1724,9,4,5
1725,9,6,3
1726,9,4,5
1727,5,4,1
1728,6,2,4
1729,8,3,5
1730,3,1,2
1731,6,5,1
1732,9,5,4
1733,7,4,3
1734,6,2,4
1735,9,5,4
1736,4,1,3
1737,8,3,5
1738,6,1,5
1739,4,3,1
1740,12,6,6
1741,12,6,6
1742,7,1,6
1743,7,6,1
1744,9,6,3
1745,3,1,2
1746,6,1,5
1747,6,4,2
1748,4,1,3
1749,11,6,5
1750,9,4,5
1751,11,5,6
1752,6,1,5
1753,5,1,4
1754,2,1,1
1755,4,1,3
1756,11,5,6
1757,4,1,3
1758,6,1,5
1759,9,5,4
1760,5,3,2
1761,9,4,5
1762,3,2,1
1763,10,6,4
1764,6,3,3
1765,7,6,1
1766,2,1,1
1767,6,2,4
1768,4,2,2
1769,8,6,2
1770,5,1,4
1771,10,6,4
1772,5,2,3
1773,8,4,4
1774,5,1,4
1775,8,3,5
1776,8,2,6
1777,4,2,2
1778,7,6,1
1779,7,6,1
1780,9,3,6
1781,8,6,2
1782,3,2,1
1783,8,3,5
1784,8,2,6
1785,4,1,3
1786,9,5,4
1787,9,6,3
1788,8,6,2
1789,4,3,1
1790,4,3,1
1791,5,3,2
1792,10,5,5
1793,10,4,6
1794,9,4,5
1795,7,1,6
1796,6,2,4
1797,2,1,1
1798,7,2,5
1799,7,5,2
1800,5,2,3
1801,6,4,2
1802,10,6,4
1803,6,1,5
1804,9,6,3
1805,8,6,2
1806,8,5,3
1807,6,1,5
1808,7,6,1
1809,8,3,5
1810,4,1,3
1811,7,3,4
1812,6,5,1
1813,7,6,1
1814,9,6,3
1815,6,1,5
1816,8,4,4
1817,8,4,4
1818,12,6,6
1819,5,4,1
1820,6,2,4
1821,2,1,1
1822,6,1,5
1823,5,3,2
1824,9,4,5
1825,6,3,3
1826,5,4,1
1827,8,6,2
1828,8,2,6
1829,6,2,4
1830,6,4,2
1831,8,4,4
1832,7,4,3
1833,7,3,4
1834,9,4,5
1835,6,4,2
1836,5,3,2
1837,7,3,4
1838,4,1,3
1839,5,1,4
1840,4,2,2
1841,7,5,2
1842,7,5,2
1843,3,2,1
1844,10,5,5
1845,9,3,6
1846,7,5,2
1847,11,5,6
1848,7,2,5
1849,11,6,5
1850,8,5,3
1851,6,5,1
1852,7,4,3
1853,7,2,5
1854,4,1,3
1855,8,5,3
1856,9,6,3
1857,6,2,4
1858,7,5,2
1859,4,1,3
1860,8,4,4
1861,4,3,1
1862,12,6,6
1863,7,1,6
1864,4,3,1
1865,8,4,4
1866,7,4,3
1867,5,4,1
1868,9,5,4
1869,7,1,6
1870,10,6,4
1871,7,6,1
1872,6,5,1
1873,8,6,2
1874,7,6,1
1875,5,4,1
1876,9,5,4
1877,9,6,3
1878,11,5,6
1879,7,2,5
1880,3,2,1
1881,4,1,3
1882,8,6,2
1883,11,6,5
1884,5,2,3
1885,5,1,4
1886,11,6,5
1887,2,1,1
1888,4,2,2
1889,8,4,4
1890,7,5,2
1891,9,6,3
1892,7,5,2
1893,7,4,3
1894,4,3,1
1895,6,4,2
1896,7,6,1
1897,8,3,5
1898,9,6,3
1899,5,3,2
1900,6,3,3
1901,4,2,2
1902,10,6,4
1903,8,3,5
1904,10,5,5
1905,12,6,6
1906,9,5,4
1907,10,6,4
1908,12,6,6
1909,7,2,5
1910,6,3,3
1911,3,2,1
1912,6,5,1
1913,7,4,3
1914,4,1,3
1915,7,2,5
1916,8,4,4
1917,5,1,4
1918,10,4,6
1919,5,3,2
1920,7,6,1
1921,7,6,1
1922,12,6,6
1923,7,2,5
1924,8,6,2
1925,11,6,5
1926,9,5,4
1927,5,3,2
1928,7,1,6
1929,12,6,6
1930,11,5,6
1931,2,1,1
1932,7,1,6
1933,11,6,5
1934,9,4,5
1935,9,3,6
1936,12,6,6
1937,10,5,5
1938,9,3,6
1939,8,4,4
1940,7,3,4
1941,5,3,2
1942,6,4,2
1943,7,6,1
1944,5,1,4
1945,10,4,6
1946,5,2,3
1947,5,4,1
1948,4,3,1
1949,9,3,6
1950,7,5,2
1951,7,1,6
1952,9,4,5
1953,5,4,1
1954,3,2,1
1955,5,2,3
1956,5,3,2
1957,4,1,3
1958,7,4,3
1959,12,6,6
1960,7,5,2
1961,9,4,5
1962,10,6,4
1963,12,6,6
1964,9,6,3
1965,2,1,1
1966,11,5,6
1967,10,4,6
1968,7,3,4
1969,3,1,2
1970,7,4,3
1971,3,2,1
1972,4,1,3
1973,3,1,2
1974,9,6,3
1975,3,1,2
1976,6,2,4
1977,10,4,6
1978,3,1,2
1979,8,5,3
1980,9,5,4
1981,5,4,1
1982,6,2,4
1983,3,1,2
1984,5,3,2
1985,6,1,5
1986,4,2,2
1987,7,6,1
1988,10,6,4
1989,9,3,6
1990,7,4,3
1991,11,6,5
1992,8,5,3
1993,6,2,4
1994,8,2,6
1995,6,4,2
1996,7,3,4
1997,5,1,4
1998,8,5,3
1999,7,2,5
2000,8,5,3
2001,9,3,6
2002,7,3,4
2003,9,3,6
2004,10,5,5
2005,2,1,1
2006,2,1,1
2007,9,4,5
2008,7,2,5
2009,10,4,6
2010,11,5,6
2011,9,6,3
2012,7,2,5
2013,8,3,5
2014,7,2,5
2015,8,6,2
2016,6,4,2
2017,9,6,3
2018,4,1,3
2019,8,6,2
2020,4,3,1
2021,10,6,4
2022,6,1,5
2023,10,4,6
2024,9,4,5
2025,9,5,4
2026,9,5,4
2027,12,6,6
2028,6,4,2
2029,8,6,2
2030,6,3,3
2031,7,3,4
2032,8,5,3
2033,9,6,3
2034,5,2,3
2035,8,4,4
2036,4,3,1
2037,4,1,3
2038,8,2,6
2039,5,3,2
2040,10,5,5
2041,7,2,5
2042,7,6,1
2043,10,4,6
2044,9,6,3
2045,8,4,4
2046,6,3,3
2047,8,6,2
2048,9,4,5
2049,10,4,6
2050,7,6,1
2051,5,1,4
2052,3,1,2
2053,8,4,4
2054,5,2,3
2055,7,2,5
2056,8,3,5
2057,7,2,5
2058,5,2,3
2059,12,6,6
2060,8,3,5
2061,8,6,2
2062,8,4,4
2063,9,4,5
2064,4,1,3
2065,7,5,2
2066,10,5,5
2067,6,3,3
2068,10,4,6
2069,11,5,6
2070,6,2,4
2071,7,4,3
2072,3,2,1
2073,12,6,6
2074,3,2,1
2075,8,4,4
2076,10,6,4
2077,10,4,6
2078,5,1,4
2079,7,3,4
2080,8,3,5
2081,2,1,1
2082,5,2,3
2083,8,2,6
2084,6,3,3
2085,11,6,5
2086,8,3,5
2087,8,5,3
2088,7,6,1
2089,10,6,4
2090,8,5,3
2091,7,4,3
2092,9,5,4
2093,9,5,4
2094,7,6,1
2095,9,5,4
2096,10,4,6
2097,10,4,6
2098,6,2,4
2099,5,1,4
2100,7,3,4
2101,3,2,1
2102,8,4,4
2103,11,5,6
2104,3,2,1
2105,2,1,1
2106,6,2,4
2107,8,5,3
2108,11,5,6
2109,6,3,3
2110,7,5,2
2111,8,5,3
2112,11,5,6
2113,8,3,5
2114,8,4,4
2115,9,5,4
2116,12,6,6
2117,6,1,5
2118,6,3,3
2119,5,3,2
2120,12,6,6
2121,8,5,3
2122,9,6,3
2123,10,4,6
2124,9,4,5
2125,9,5,4
2126,7,4,3
2127,6,5,1
2128,10,5,5
2129,6,4,2
2130,6,4,2
2131,3,1,2
2132,6,1,5
2133,9,3,6
2134,6,3,3
2135,7,6,1
2136,7,5,2
2137,5,4,1
2138,4,1,3
2139,10,5,5
2140,9,4,5
2141,7,3,4
2142,12,6,6
2143,8,4,4
2144,6,1,5
2145,7,5,2
2146,7,3,4
2147,5,2,3
2148,6,2,4
2149,12,6,6
2150,9,6,3
2151,4,1,3
2152,7,5,2
2153,6,5,1
2154,8,6,2
2155,7,4,3
2156,7,6,1
2157,10,4,6
2158,4,2,2
2159,6,3,3
2160,6,1,5
2161,10,5,5
2162,10,5,5
2163,3,1,2
2164,4,2,2
2165,8,6,2
2166,10,4,6
2167,5,1,4
2168,9,6,3
2169,9,3,6
2170,7,6,1
2171,7,4,3
2172,7,4,3
2173,6,1,5
2174,8,5,3
2175,5,3,2
2176,6,4,2
2177,3,1,2
2178,7,5,2
2179,7,2,5
2180,5,1,4
2181,9,4,5
2182,8,2,6
2183,7,1,6
2184,9,6,3
2185,6,1,5
2186,2,1,1
2187,8,3,5
2188,7,5,2
2189,9,6,3
2190,6,3,3
2191,6,4,2
2192,7,4,3
2193,6,4,2
2194,12,6,6
2195,10,5,5
2196,11,5,6
2197,4,2,2
2198,6,2,4
2199,11,5,6
2200,8,2,6
2201,4,2,2
2202,2,1,1
2203,6,4,2
2204,9,6,3
2205,8,6,2
2206,8,2,6
2207,6,1,5
2208,6,1,5
2209,11,6,5
2210,9,6,3
2211,6,2,4
2212,3,2,1
2213,11,5,6
2214,5,3,2
2215,3,1,2
2216,2,1,1
2217,11,6,5
2218,8,4,4
2219,8,2,6
2220,11,5,6
2221,4,2,2
2222,3,1,2
2223,8,4,4
2224,12,6,6
2225,2,1,1
2226,6,5,1
2227,2,1,1
2228,6,1,5
2229,2,1,1
2230,6,3,3
2231,9,5,4
2232,6,5,1
2233,7,6,1
2234,7,2,5
2235,7,3,4
2236,8,4,4
2237,6,5,1
2238,11,5,6
2239,12,6,6
2240,7,3,4
2241,4,2,2
2242,10,4,6
2243,6,5,1
2244,6,2,4
2245,7,4,3
2246,10,4,6
2247,8,3,5
2248,7,5,2
2249,10,4,6
2250,5,4,1
2251,7,4,3
2252,3,1,2
2253,10,4,6
2254,6,3,3
2255,4,3,1
2256,9,6,3
2257,7,4,3
2258,8,3,5
2259,11,6,5
2260,8,5,3
2261,9,5,4
2262,5,4,1
2263,8,3,5
2264,2,1,1
2265,3,1,2
2266,7,6,1
2267,6,1,5
2268,4,1,3
2269,4,3,1
2270,7,6,1
2271,11,6,5
2272,10,4,6
2273,6,5,1
2274,7,2,5
2275,11,6,5
2276,11,5,6
2277,6,1,5
2278,9,6,3
2279,7,6,1
2280,12,6,6
2281,11,6,5
2282,8,3,5
2283,4,1,3
2284,9,6,3
2285,7,1,6
2286,8,3,5
2287,7,4,3
2288,7,1,6
2289,3,1,2
2290,7,3,4
2291,10,5,5
2292,11,5,6
2293,7,1,6
2294,7,3,4
2295,7,5,2
2296,6,1,5
2297,8,5,3
2298,5,1,4
2299,3,2,1
2300,8,3,5
2301,6,2,4
2302,6,3,3
2303,5,1,4
2304,5,2,3
2305,7,3,4
2306,8,3,5
2307,7,2,5
2308,11,5,6
2309,7,6,1
2310,10,6,4
2311,6,5,1
2312,9,4,5
2313,6,2,4
2314,7,1,6
2315,12,6,6
2316,8,6,2
2317,10,4,6
2318,9,3,6
2319,7,2,5
2320,6,3,3
2321,4,1,3
2322,6,2,4
2323,4,2,2
2324,6,1,5
2325,10,4,6
2326,8,4,4
2327,6,2,4
2328,8,4,4
2329,11,5,6
2330,9,5,4
2331,6,3,3
2332,9,6,3
2333,5,3,2
2334,6,4,2
2335,4,3,1
2336,10,4,6
2337,10,4,6
2338,4,1,3
2339,7,6,1
2340,8,4,4
2341,11,5,6
2342,2,1,1
2343,5,1,4
2344,10,6,4
2345,7,4,3
2346,2,1,1
2347,7,6,1
2348,8,6,2
2349,9,4,5
2350,3,1,2
2351,7,1,6
2352,9,4,5
2353,2,1,1
2354,3,2,1
2355,7,2,5
2356,8,3,5
2357,3,1,2
2358,8,3,5
2359,6,1,5
2360,7,2,5
2361,9,6,3
2362,8,3,5
2363,10,4,6
2364,4,2,2
2365,7,3,4
2366,4,3,1
2367,4,3,1
2368,9,5,4
2369,6,3,3
2370,7,3,4
2371,7,2,5
2372,12,6,6
2373,7,3,4
2374,9,3,6
2375,8,2,6
2376,3,1,2
2377,5,1,4
2378,8,4,4
2379,10,4,6
2380,9,6,3
2381,7,1,6
2382,11,5,6
2383,6,5,1
2384,7,4,3
2385,7,1,6
2386,8,5,3
2387,3,1,2
2388,9,5,4
2389,7,1,6
2390,7,1,6
2391,8,2,6
2392,9,6,3
2393,9,6,3
2394,6,2,4
2395,7,3,4
2396,4,1,3
2397,6,1,5
2398,3,2,1
2399,6,2,4
2400,4,1,3
2401,5,2,3
2402,6,4,2
2403,9,6,3
2404,7,4,3
2405,11,5,6
2406,10,5,5
2407,7,3,4
2408,6,4,2
2409,6,5,1
2410,7,5,2
2411,8,2,6
2412,10,5,5
2413,9,3,6
2414,3,1,2
2415,4,3,1
2416,5,2,3
2417,11,6,5
2418,9,6,3
2419,8,4,4
2420,11,6,5
2421,8,4,4
2422,4,3,1
2423,5,4,1
2424,5,3,2
2425,3,2,1
2426,11,5,6
2427,4,1,3
2428,10,4,6
2429,10,5,5
2430,4,1,3
2431,8,3,5
2432,7,2,5
2433,7,3,4
2434,9,5,4
2435,4,1,3
2436,6,2,4
2437,7,4,3
2438,8,6,2
2439,9,4,5
2440,12,6,6
2441,4,1,3
2442,8,4,4
2443,4,3,1
2444,6,5,1
2445,9,6,3
2446,6,2,4
2447,6,1,5
2448,9,3,6
2449,12,6,6
2450,7,3,4
2451,11,5,6
2452,10,5,5
2453,5,2,3
2454,3,2,1
2455,9,5,4
2456,8,5,3
2457,5,3,2
2458,5,4,1
2459,10,6,4
2460,10,6,4
2461,7,5,2
2462,7,1,6
2463,10,6,4
2464,12,6,6
2465,7,2,5
2466,2,1,1
2467,10,4,6
2468,2,1,1
2469,2,1,1
2470,5,4,1
2471,3,2,1
2472,11,6,5
2473,9,6,3
2474,11,5,6
2475,11,5,6
2476,6,2,4
2477,4,1,3
2478,11,6,5
2479,3,1,2
2480,7,4,3
2481,10,6,4
2482,9,3,6
2483,5,2,3
2484,10,4,6
2485,2,1,1
2486,8,4,4
2487,10,6,4
2488,3,1,2
2489,6,3,3
2490,7,4,3
2491,5,4,1
2492,5,3,2
2493,3,1,2
2494,11,6,5
2495,9,5,4
2496,4,3,1
2497,10,5,5
2498,8,5,3
2499,3,2,1
2500,7,4,3
2501,9,3,6
2502,4,3,1
2503,4,2,2
2504,6,3,3
2505,2,1,1
2506,3,1,2
2507,4,3,1
2508,9,5,4
2509,4,3,1
2510,4,1,3
2511,11,6,5
2512,5,2,3
2513,5,2,3
2514,10,4,6
2515,7,6,1
2516,9,5,4
2517,7,3,4
2518,4,1,3
2519,8,6,2
2520,9,3,6
2521,4,2,2
2522,7,4,3
2523,6,1,5
2524,9,6,3
2525,7,3,4
2526,5,2,3
2527,6,1,5
2528,9,3,6
2529,10,4,6
2530,6,2,4
2531,7,3,4
2532,10,5,5
2533,7,2,5
2534,7,1,6
2535,7,2,5
2536,12,6,6
2537,9,6,3
2538,4,2,2
2539,11,5,6
2540,9,6,3
2541,9,3,6
2542,10,5,5
2543,9,6,3
2544,8,6,2
2545,11,6,5
2546,11,6,5
2547,9,4,5
2548,2,1,1
2549,3,2,1
2550,10,5,5
2551,10,6,4
2552,8,2,6
2553,5,4,1
2554,4,1,3
2555,3,1,2
2556,8,6,2
2557,8,2,6
2558,7,2,5
2559,5,1,4
2560,9,6,3
2561,6,4,2
2562,6,1,5
2563,7,2,5
2564,11,6,5
2565,5,3,2
2566,10,4,6
2567,7,1,6
2568,10,4,6
2569,10,4,6
2570,6,4,2
2571,8,2,6
2572,7,3,4
2573,10,5,5
2574,8,2,6
2575,2,1,1
2576,10,6,4
2577,8,2,6
2578,5,2,3
2579,8,4,4
2580,5,1,4
2581,8,4,4
2582,7,4,3
2583,4,3,1
2584,5,1,4
2585,5,1,4
2586,6,3,3
2587,4,3,1
2588,7,2,5
2589,4,2,2
2590,8,4,4
2591,5,3,2
2592,7,3,4
2593,7,5,2
2594,6,5,1
2595,10,6,4
2596,9,3,6
2597,6,2,4
2598,7,6,1
2599,5,4,1
2600,7,5,2
2601,5,3,2
2602,7,6,1
2603,10,4,6
2604,7,2,5
2605,4,3,1
2606,4,1,3
2607,7,6,1
2608,2,1,1
2609,6,1,5
2610,5,2,3
2611,10,4,6
2612,6,4,2
2613,6,3,3
2614,5,3,2
2615,5,3,2
2616,6,3,3
2617,8,3,5
2618,7,1,6
2619,9,5,4
2620,11,6,5
2621,11,5,6
2622,5,2,3
2623,6,3,3
2624,7,6,1
2625,4,1,3
2626,6,5,1
2627,11,5,6
2628,9,6,3
2629,9,4,5
2630,6,2,4
2631,8,2,6
2632,5,4,1
2633,5,2,3
2634,12,6,6
2635,7,5,2
2636,10,5,5
2637,2,1,1
2638,4,3,1
2639,6,3,3
2640,10,5,5
2641,10,5,5
2642,6,5,1
2643,10,4,6
2644,4,1,3
2645,9,5,4
2646,10,4,6
2647,7,6,1
2648,9,3,6
2649,11,5,6
2650,11,6,5
2651,5,1,4
2652,3,2,1
2653,10,4,6
2654,2,1,1
2655,8,3,5
2656,12,6,6
2657,7,5,2
2658,5,4,1
2659,9,4,5
2660,2,1,1
2661,10,6,4
2662,7,4,3
2663,7,1,6
2664,8,5,3
2665,6,5,1
2666,8,3,5
2667,5,3,2
2668,11,5,6
2669,4,3,1
2670,10,5,5
2671,6,4,2
2672,4,1,3
2673,8,4,4
2674,8,5,3
2675,11,6,5
2676,10,6,4
2677,6,2,4
2678,6,4,2
2679,6,3,3
2680,3,2,1
2681,7,6,1
2682,7,2,5
2683,11,5,6
2684,11,5,6
2685,6,4,2
2686,10,6,4
2687,8,4,4
2688,5,4,1
2689,4,2,2
2690,11,6,5
2691,7,3,4
2692,4,1,3
2693,10,5,5
2694,6,1,5
2695,8,6,2
2696,6,5,1
2697,10,6,4
2698,8,3,5
2699,7,4,3
2700,7,6,1
2701,4,3,1
2702,11,6,5
2703,3,1,2
2704,6,4,2
2705,7,1,6
2706,8,6,2
2707,6,4,2
2708,2,1,1
2709,8,2,6
2710,3,2,1
2711,4,1,3
2712,4,1,3
2713,10,6,4
2714,2,1,1
2715,9,5,4
2716,5,4,1
2717,8,2,6
2718,8,6,2
2719,9,3,6
2720,8,5,3
2721,8,4,4
2722,8,5,3
2723,10,6,4
2724,11,5,6
2725,6,1,5
2726,7,5,2
2727,8,5,3
2728,6,1,5
2729,3,1,2
2730,5,1,4
2731,8,3,5
2732,4,2,2
2733,7,1,6
2734,7,5,2
2735,9,6,3
2736,10,5,5
2737,12,6,6
2738,3,1,2
2739,10,6,4
2740,3,2,1
2741,3,2,1
2742,9,6,3
2743,6,2,4
2744,11,5,6
2745,3,2,1
2746,6,4,2
2747,3,1,2
2748,7,5,2
2749,7,3,4
2750,3,1,2
2751,3,1,2
2752,9,3,6
2753,5,2,3
2754,10,6,4
2755,2,1,1
2756,10,6,4
2757,5,3,2
2758,7,5,2
2759,8,2,6
2760,3,2,1
2761,9,6,3
2762,11,6,5
2763,7,6,1
2764,3,2,1
2765,6,3,3
2766,6,5,1
2767,7,2,5
2768,8,2,6
2769,7,2,5
2770,7,1,6
2771,6,2,4
2772,7,4,3
2773,8,4,4
2774,10,4,6
2775,7,3,4
2776,11,5,6
2777,7,1,6
2778,6,1,5
2779,6,5,1
2780,6,5,1
2781,7,3,4
2782,5,3,2
2783,10,4,6
2784,6,3,3
2785,8,2,6
2786,10,4,6
2787,8,6,2
2788,6,4,2
2789,3,2,1
2790,11,5,6
2791,10,5,5
2792,2,1,1
2793,6,2,4
2794,5,1,4
2795,2,1,1
2796,7,2,5
2797,7,2,5
2798,4,3,1
2799,4,1,3
2800,6,2,4
2801,7,3,4
2802,3,1,2
2803,8,2,6
2804,8,2,6
2805,6,5,1
2806,9,4,5
2807,11,5,6
2808,11,5,6
2809,3,1,2
2810,4,2,2
2811,4,3,1
2812,5,2,3
2813,6,5,1
2814,7,3,4
2815,3,2,1
2816,10,5,5
2817,9,5,4
2818,3,2,1
2819,5,1,4
2820,3,2,1
2821,9,4,5
2822,5,1,4
2823,7,5,2
2824,5,1,4
2825,5,1,4
2826,8,4,4
2827,10,5,5
2828,7,1,6
2829,5,3,2
2830,6,4,2
2831,7,2,5
2832,7,2,5
2833,4,1,3
2834,7,6,1
2835,4,2,2
2836,7,6,1
2837,10,4,6
2838,8,2,6
2839,9,6,3
2840,10,6,4
2841,8,6,2
2842,5,1,4
2843,12,6,6
2844,10,4,6
2845,4,3,1
2846,10,6,4
2847,9,4,5
2848,5,1,4
2849,10,6,4
2850,9,6,3
2851,5,4,1
2852,6,1,5
2853,5,1,4
2854,9,3,6
2855,10,6,4
2856,5,3,2
2857,11,6,5
2858,6,2,4
2859,7,3,4
2860,8,4,4
2861,5,1,4
2862,7,4,3
2863,9,4,5
2864,12,6,6
2865,5,4,1
2866,10,5,5
2867,5,1,4
2868,5,2,3
2869,6,4,2
2870,2,1,1
2871,11,5,6
2872,6,3,3
2873,11,5,6
2874,4,1,3
2875,8,2,6
2876,10,5,5
2877,10,6,4
2878,9,3,6
2879,6,4,2
2880,5,2,3
2881,8,4,4
2882,8,3,5
2883,2,1,1
2884,5,2,3
2885,4,2,2
2886,8,6,2
2887,7,2,5
2888,8,3,5
2889,9,4,5
2890,7,4,3
2891,6,2,4
2892,6,4,2
2893,6,4,2
2894,9,5,4
2895,10,6,4
2896,5,2,3
2897,8,5,3
2898,8,2,6
2899,6,2,4
2900,7,3,4
2901,6,5,1
2902,6,5,1
2903,11,5,6
2904,8,5,3
2905,6,4,2
2906,8,4,4
2907,8,4,4
2908,12,6,6
2909,7,2,5
2910,7,1,6
2911,6,5,1
2912,5,1,4
2913,8,3,5
2914,7,3,4
2915,4,1,3
2916,7,3,4
2917,2,1,1
2918,7,5,2
2919,8,4,4
2920,6,2,4
2921,9,6,3
2922,6,2,4
2923,8,2,6
2924,9,5,4
2925,11,6,5
2926,7,1,6
2927,6,5,1
2928,4,3,1
2929,4,3,1
2930,12,6,6
2931,6,2,4
2932,9,4,5
2933,6,3,3
2934,9,6,3
2935,7,1,6
2936,7,2,5
2937,8,2,6
2938,6,1,5
2939,7,5,2
2940,5,3,2
2941,6,1,5
2942,5,4,1
2943,12,6,6
2944,8,4,4
2945,4,1,3
2946,7,3,4
2947,6,2,4
2948,9,3,6
2949,7,2,5
2950,4,2,2
2951,7,2,5
2952,10,5,5
2953,10,4,6
2954,4,1,3
2955,6,4,2
2956,4,3,1
2957,7,4,3
2958,8,3,5
2959,10,6,4
2960,4,1,3
2961,9,5,4
2962,8,5,3
2963,4,2,2
2964,2,1,1
2965,11,6,5
2966,8,2,6
2967,7,4,3
2968,9,3,6
2969,8,3,5
2970,7,1,6
2971,9,5,4
2972,4,3,1
2973,3,1,2
2974,9,5,4
2975,5,4,1
2976,10,5,5
2977,3,2,1
2978,9,6,3
2979,8,6,2
2980,9,5,4
2981,5,4,1
2982,5,2,3
2983,11,5,6
2984,12,6,6
2985,8,4,4
2986,11,6,5
2987,4,2,2
2988,8,2,6
2989,6,3,3
2990,4,1,3
2991,12,6,6
2992,4,2,2
2993,9,3,6
2994,7,4,3
2995,7,3,4
2996,5,1,4
2997,9,4,5
2998,7,6,1
2999,12,6,6
3000,6,4,2
3001,9,6,3
3002,6,2,4
3003,7,6,1
3004,8,6,2
3005,9,4,5
3006,4,2,2
3007,8,6,2
3008,5,3,2
3009,7,6,1
3010,8,3,5
3011,7,6,1
3012,12,6,6
3013,7,2,5
3014,6,2,4
3015,5,1,4
3016,7,2,5
3017,11,5,6
3018,8,2,6
3019,7,4,3
3020,7,5,2
3021,8,6,2
3022,7,3,4
3023,6,5,1
3024,7,4,3
3025,3,1,2
3026,11,5,6
3027,5,2,3
3028,6,1,5
3029,8,3,5
3030,3,2,1
3031,5,1,4
3032,9,6,3
3033,5,1,4
3034,9,5,4
3035,8,3,5
3036,9,4,5
3037,7,6,1
3038,7,3,4
3039,4,3,1
3040,11,5,6
3041,6,1,5
3042,6,2,4
3043,9,6,3
3044,4,2,2
3045,3,1,2
3046,5,2,3
3047,5,4,1
3048,4,3,1
3049,7,1,6
3050,3,2,1
3051,9,6,3
3052,8,6,2
3053,10,5,5
3054,5,2,3
3055,2,1,1
3056,7,5,2
3057,8,4,4
3058,6,5,1
3059,6,5,1
3060,8,5,3
3061,4,2,2
3062,6,4,2
3063,7,1,6
3064,9,4,5
3065,10,6,4
3066,8,3,5
3067,7,6,1
3068,2,1,1
3069,7,1,6
3070,9,4,5
3071,3,2,1
3072,11,6,5
3073,8,4,4
3074,7,5,2
3075,12,6,6
3076,12,6,6
3077,5,4,1
3078,8,2,6
3079,8,2,6
3080,10,4,6
3081,5,1,4
3082,8,2,6
3083,8,6,2
3084,3,2,1
3085,5,4,1
3086,9,5,4
3087,7,2,5
3088,6,2,4
3089,2,1,1
3090,6,4,2
3091,6,1,5
3092,6,1,5
3093,10,4,6
3094,6,3,3
3095,6,5,1
3096,4,1,3
3097,8,5,3
3098,7,5,2
3099,8,4,4
3100,5,4,1
3101,6,1,5
3102,6,3,3
3103,10,4,6
3104,7,2,5
3105,6,4,2
3106,8,3,5
3107,6,3,3
3108,6,5,1
3109,4,2,2
3110,11,5,6
3111,3,2,1
3112,4,3,1
3113,10,4,6
3114,9,5,4
3115,7,4,3
3116,11,6,5
3117,6,3,3
3118,7,6,1
3119,4,1,3
3120,9,4,5
3121,5,4,1
3122,8,3,5
3123,10,5,5
3124,2,1,1
3125,8,4,4
3126,10,5,5
3127,4,2,2
3128,7,5,2
3129,6,1,5
3130,10,5,5
3131,6,5,1
3132,7,6,1
3133,10,5,5
3134,6,5,1
3135,7,3,4
3136,10,6,4
3137,3,1,2
3138,8,5,3
3139,6,2,4
3140,5,3,2
3141,7,2,5
3142,11,5,6
3143,7,2,5
3144,7,4,3
3145,8,4,4
3146,6,3,3
3147,9,6,3
3148,10,5,5
3149,11,6,5
3150,8,2,6
3151,4,3,1
3152,11,6,5
3153,5,2,3
3154,4,3,1
3155,9,4,5
3156,11,5,6
3157,7,4,3
3158,6,5,1
3159,7,1,6
3160,5,3,2
3161,8,5,3
3162,5,4,1
3163,12,6,6
3164,9,5,4
3165,9,5,4
3166,10,6,4
3167,6,4,2
3168,9,5,4
3169,3,2,1
3170,7,5,2
3171,2,1,1
3172,4,2,2
3173,6,3,3
3174,6,5,1
3175,9,4,5
3176,9,4,5
3177,11,6,5
3178,5,2,3
3179,7,6,1
3180,4,3,1
3181,3,2,1
3182,10,6,4
3183,5,4,1
3184,6,5,1
3185,8,4,4
3186,10,5,5
3187,8,5,3
3188,8,4,4
3189,5,4,1
3190,6,1,5
3191,6,4,2
3192,7,6,1
3193,6,1,5
3194,7,2,5
3195,5,1,4
3196,6,2,4
3197,9,3,6
3198,4,1,3
3199,9,3,6
3200,7,3,4
3201,8,4,4
3202,7,1,6
3203,9,6,3
3204,4,3,1
3205,12,6,6
3206,4,2,2
3207,9,5,4
3208,4,2,2
3209,6,3,3
3210,4,1,3
3211,7,1,6
3212,5,4,1
3213,8,3,5
3214,7,1,6
3215,2,1,1
3216,11,5,6
3217,6,2,4
3218,3,1,2
3219,9,4,5
3220,7,3,4
3221,6,3,3
3222,11,5,6
3223,7,1,6
3224,5,1,4
3225,5,4,1
3226,6,1,5
3227,7,1,6
3228,6,1,5
3229,6,2,4
3230,5,3,2
3231,4,1,3
3232,7,2,5
3233,4,2,2
3234,9,6,3
3235,6,1,5
3236,11,5,6
3237,7,3,4
3238,6,4,2
3239,7,5,2
3240,9,4,5
3241,6,5,1
3242,11,6,5
3243,2,1,1
3244,8,4,4
3245,10,6,4
3246,8,4,4
3247,6,5,1
3248,6,2,4
3249,8,6,2
3250,8,6,2
3251,9,5,4
3252,9,3,6
3253,10,5,5
3254,12,6,6
3255,7,3,4
3256,4,1,3
3257,9,5,4
3258,5,1,4
3259,9,3,6
3260,6,5,1
3261,3,2,1
3262,11,5,6
3263,8,2,6
3264,7,4,3
3265,4,2,2
3266,7,1,6
3267,6,5,1
3268,3,1,2
3269,10,4,6
3270,8,2,6
3271,5,3,2
3272,10,5,5
3273,6,1,5
3274,8,5,3
3275,4,3,1
3276,9,4,5
3277,10,6,4
3278,6,3,3
3279,5,1,4
3280,2,1,1
3281,9,3,6
3282,10,4,6
3283,6,5,1
3284,7,5,2
3285,3,1,2
3286,5,4,1
3287,4,3,1
3288,11,6,5
3289,2,1,1
3290,8,5,3
3291,8,4,4
3292,7,2,5
3293,4,2,2
3294,5,3,2
3295,5,2,3
3296,8,6,2
3297,7,3,4
3298,3,1,2
3299,6,1,5
3300,7,2,5
3301,4,3,1
3302,11,5,6
3303,8,4,4
3304,9,5,4
3305,8,6,2
3306,9,5,4
3307,10,5,5
3308,10,6,4
3309,10,6,4
3310,9,6,3
3311,8,2,6
3312,10,6,4
3313,7,3,4
3314,7,4,3
3315,8,3,5
3316,11,5,6
3317,7,1,6
3318,6,3,3
3319,10,5,5
3320,6,1,5
3321,3,1,2
3322,3,1,2
3323,9,6,3
3324,4,1,3
3325,5,1,4
3326,7,3,4
3327,2,1,1
3328,8,2,6
3329,5,4,1
3330,6,5,1
3331,7,4,3
3332,6,2,4
3333,2,1,1
3334,10,5,5
3335,9,3,6
3336,4,3,1
3337,4,1,3
3338,3,1,2
3339,6,1,5
3340,4,2,2
3341,7,1,6
3342,6,4,2
3343,4,2,2
3344,6,2,4
3345,6,3,3
3346,4,3,1
3347,5,4,1
3348,5,1,4
3349,9,4,5
3350,5,3,2
3351,3,2,1
3352,8,6,2
3353,12,6,6
3354,4,3,1
3355,7,6,1
3356,7,1,6
3357,7,5,2
3358,7,5,2
3359,11,5,6
3360,9,6,3
3361,6,2,4
3362,5,2,3
3363,10,6,4
3364,9,5,4
3365,8,2,6
3366,7,2,5
3367,6,4,2
3368,7,4,3
3369,7,6,1
3370,6,2,4
3371,6,3,3
3372,3,1,2
3373,7,4,3
3374,7,1,6
3375,9,4,5
3376,7,2,5
3377,2,1,1
3378,9,5,4
3379,6,5,1
3380,9,6,3
3381,10,5,5
3382,9,5,4
3383,6,3,3
3384,9,6,3
3385,7,6,1
3386,8,6,2
3387,6,4,2
3388,7,4,3
3389,4,1,3
3390,7,6,1
3391,4,3,1
3392,9,3,6
3393,5,4,1
3394,12,6,6
3395,7,1,6
3396,8,5,3
3397,5,2,3
3398,8,6,2
3399,3,2,1
3400,9,3,6
3401,10,6,4
3402,10,5,5
3403,11,5,6
3404,7,6,1
3405,5,3,2
3406,5,1,4
3407,4,2,2
3408,8,4,4
3409,11,6,5
3410,7,4,3
3411,7,1,6
3412,7,1,6
3413,8,2,6
3414,4,3,1
3415,9,4,5
3416,4,3,1
3417,6,1,5
3418,7,4,3
3419,8,2,6
3420,6,3,3
3421,4,2,2
3422,5,1,4
3423,7,4,3
3424,8,6,2
3425,9,3,6
3426,6,4,2
3427,7,1,6
3428,11,6,5
3429,12,6,6
3430,8,4,4
3431,3,2,1
3432,7,3,4
3433,8,6,2
3434,5,3,2
3435,9,4,5
3436,10,4,6
3437,7,1,6
3438,9,5,4
3439,7,3,4
3440,6,1,5
3441,10,6,4
3442,6,3,3
3443,9,6,3
3444,5,1,4
3445,7,5,2
3446,7,2,5
3447,4,3,1
3448,7,1,6
3449,4,2,2
3450,6,5,1
3451,8,4,4
3452,4,1,3
3453,8,6,2
3454,7,5,2
3455,7,2,5
3456,8,4,4
3457,6,3,3
3458,8,6,2
3459,9,4,5
3460,6,4,2
3461,7,1,6
3462,7,1,6
3463,8,5,3
3464,5,3,2
3465,11,5,6
3466,9,4,5
3467,9,4,5
3468,5,2,3
3469,12,6,6
3470,7,6,1
3471,6,3,3
3472,6,1,5
3473,10,4,6
3474,12,6,6
3475,6,5,1
3476,4,1,3
3477,9,6,3
3478,2,1,1
3479,6,1,5
3480,7,3,4
3481,4,3,1
3482,8,4,4
3483,8,5,3
3484,9,4,5
3485,11,5,6
3486,10,5,5
3487,12,6,6
3488,7,4,3
3489,9,3,6
3490,8,2,6
3491,7,6,1
3492,8,4,4
3493,6,1,5
3494,10,5,5
3495,9,5,4
3496,9,3,6
3497,8,5,3
3498,11,6,5
3499,4,3,1
3500,12,6,6
3501,10,5,5
3502,7,4,3
3503,8,5,3
3504,8,3,5
3505,7,2,5
3506,3,1,2
3507,9,4,5
3508,9,6,3
3509,9,6,3
3510,9,5,4
3511,9,4,5
3512,8,6,2
3513,7,4,3
3514,9,4,5
3515,9,5,4
3516,4,1,3
3517,2,1,1
3518,8,2,6
3519,10,4,6
3520,5,1,4
3521,8,4,4
3522,5,1,4
3523,3,1,2
3524,7,3,4
3525,8,2,6
3526,9,6,3
3527,10,6,4
3528,10,4,6
3529,8,4,4
3530,7,1,6
3531,7,6,1
3532,6,3,3
3533,10,4,6
3534,8,5,3
3535,7,4,3
3536,7,5,2
3537,10,5,5
3538,4,2,2
3539,7,4,3
3540,7,3,4
3541,7,1,6
3542,4,2,2
3543,7,6,1
3544,6,5,1
3545,7,5,2
3546,10,6,4
3547,8,2,6
3548,12,6,6
3549,11,5,6
3550,5,3,2
3551,4,1,3
3552,5,1,4
3553,5,1,4
3554,7,6,1
3555,9,3,6
3556,9,5,4
3557,11,5,6
3558,7,2,5
3559,4,3,1
3560,4,2,2
3561,6,4,2
3562,5,1,4
3563,10,6,4
3564,4,3,1
3565,7,1,6
3566,8,6,2
3567,8,2,6
3568,6,5,1
3569,9,6,3
3570,3,2,1
3571,5,4,1
3572,4,1,3
3573,7,1,6
3574,6,5,1
3575,8,2,6
3576,3,2,1
3577,5,1,4
3578,2,1,1
3579,7,3,4
3580,12,6,6
3581,11,5,6
3582,7,2,5
3583,8,2,6
3584,5,1,4
3585,9,6,3
3586,9,3,6
3587,4,1,3
3588,6,4,2
3589,8,5,3
3590,10,6,4
3591,5,4,1
3592,7,6,1
3593,11,5,6
3594,11,5,6
3595,8,2,6
3596,8,6,2
3597,7,4,3
3598,7,5,2
3599,4,3,1
3600,6,5,1
3601,6,5,1
3602,11,6,5
3603,4,1,3
3604,7,1,6
3605,12,6,6
3606,3,1,2
3607,6,5,1
3608,12,6,6
3609,10,4,6
3610,8,4,4
3611,8,4,4
3612,7,4,3
3613,7,3,4
3614,11,5,6
3615,9,5,4
3616,7,6,1
3617,7,2,5
3618,9,6,3
3619,9,4,5
3620,2,1,1
3621,8,3,5
3622,3,1,2
3623,8,5,3
3624,9,6,3
3625,10,5,5
3626,4,3,1
3627,4,2,2
3628,7,3,4
3629,7,5,2
3630,3,2,1
3631,7,5,2
3632,7,1,6
3633,9,6,3
3634,9,5,4
3635,6,2,4
3636,11,5,6
3637,6,2,4
3638,8,4,4
3639,3,1,2
3640,8,6,2
3641,5,2,3
3642,11,5,6
3643,5,2,3
3644,12,6,6
3645,9,4,5
3646,9,3,6
3647,8,3,5
3648,6,4,2
3649,5,3,2
3650,6,5,1
3651,9,3,6
3652,6,5,1
3653,10,4,6
3654,9,6,3
3655,8,2,6
3656,11,6,5
3657,10,6,4
3658,10,6,4
3659,10,6,4
3660,4,3,1
3661,3,2,1
3662,4,2,2
3663,9,5,4
3664,6,2,4
3665,4,1,3
3666,12,6,6
3667,6,4,2
3668,7,5,2
3669,9,5,4
3670,5,2,3
3671,6,4,2
3672,5,1,4
3673,5,2,3
3674,6,5,1
3675,9,6,3
3676,6,5,1
3677,4,3,1
3678,10,5,5
3679,12,6,6
3680,9,4,5
3681,11,6,5
3682,6,2,4
3683,7,5,2
3684,6,5,1
3685,8,5,3
3686,7,4,3
3687,11,6,5
3688,8,5,3
3689,7,6,1
3690,9,3,6
3691,7,6,1
3692,7,6,1
3693,11,5,6
3694,7,3,4
3695,8,5,3
3696,10,4,6
3697,6,5,1
3698,5,4,1
3699,7,4,3
3700,6,4,2
3701,6,2,4
3702,3,1,2
3703,7,5,2
3704,10,5,5
3705,7,5,2
3706,7,4,3
3707,11,5,6
3708,4,1,3
3709,3,1,2
3710,7,3,4
3711,8,6,2
3712,10,5,5
3713,6,3,3
3714,8,2,6
3715,5,4,1
3716,7,2,5
3717,5,1,4
3718,10,5,5
3719,7,4,3
3720,9,5,4
3721,3,2,1
3722,7,3,4
3723,3,2,1
3724,6,5,1
3725,10,6,4
3726,6,3,3
3727,6,5,1
3728,5,4,1
3729,11,5,6
3730,8,6,2
3731,8,6,2
3732,10,6,4
3733,3,1,2
3734,4,2,2
3735,6,5,1
3736,3,1,2
3737,6,1,5
3738,7,3,4
3739,8,4,4
3740,6,5,1
3741,9,5,4
3742,4,1,3
3743,6,2,4
3744,8,2,6
3745,6,5,1
3746,9,3,6
3747,6,1,5
3748,9,5,4
3749,6,2,4
3750,6,2,4
3751,7,3,4
3752,10,5,5
3753,7,5,2
3754,8,4,4
3755,7,3,4
3756,6,3,3
3757,4,1,3
3758,7,1,6
3759,4,3,1
3760,11,5,6
3761,9,6,3
3762,7,6,1
3763,8,2,6
3764,5,2,3
3765,9,6,3
3766,11,6,5
3767,9,6,3
3768,10,4,6
3769,9,6,3
3770,9,4,5
3771,11,5,6
3772,3,1,2
3773,2,1,1
3774,5,1,4
3775,4,3,1
3776,8,6,2
3777,6,4,2
3778,9,5,4
3779,7,6,1
3780,8,5,3
3781,7,4,3
3782,10,6,4
3783,4,2,2
3784,10,4,6
3785,3,1,2
3786,7,2,5
3787,3,1,2
3788,5,4,1
3789,10,4,6
3790,10,5,5
3791,6,2,4
3792,5,3,2
3793,5,4,1
3794,8,6,2
3795,6,5,1
3796,6,1,5
3797,5,3,2
3798,5,1,4
3799,2,1,1
3800,10,6,4
3801,3,2,1
3802,11,6,5
3803,8,2,6
3804,5,2,3
3805,9,3,6
3806,11,6,5
3807,11,6,5
3808,3,2,1
3809,2,1,1
3810,9,3,6
3811,5,3,2
3812,7,4,3
3813,6,4,2
3814,6,2,4
3815,5,4,1
3816,3,1,2
3817,5,2,3
3818,4,1,3
3819,8,3,5
3820,6,1,5
3821,4,1,3
3822,7,6,1
3823,2,1,1
3824,7,6,1
3825,9,6,3
3826,10,4,6
3827,7,3,4
3828,7,1,6
3829,8,3,5
3830,9,5,4
3831,9,6,3
3832,7,2,5
3833,8,2,6
3834,2,1,1
3835,8,3,5
3836,10,5,5
3837,9,5,4
3838,7,6,1
3839,7,5,2
3840,3,1,2
3841,10,6,4
3842,4,3,1
3843,6,5,1
3844,4,1,3
3845,5,1,4
3846,6,3,3
3847,5,2,3
3848,4,3,1
3849,7,1,6
3850,12,6,6
3851,7,3,4
3852,7,1,6
3853,10,5,5
3854,6,1,5
3855,5,3,2
3856,8,3,5
3857,8,3,5
3858,5,3,2
3859,8,5,3
3860,10,4,6
3861,7,1,6
3862,10,6,4
3863,10,6,4
3864,11,6,5
3865,8,4,4
3866,9,3,6
3867,6,5,1
3868,6,1,5
3869,5,2,3
3870,7,3,4
3871,8,6,2
3872,6,3,3
3873,8,2,6
3874,5,1,4
3875,6,4,2
3876,7,1,6
3877,3,1,2
3878,7,6,1
3879,7,1,6
3880,5,1,4
3881,7,2,5
3882,8,4,4
3883,5,3,2
3884,6,1,5
3885,3,1,2
3886,4,3,1
3887,4,1,3
3888,4,1,3
3889,6,4,2
3890,8,5,3
3891,6,2,4
3892,8,2,6
3893,5,4,1
3894,7,6,1
3895,3,1,2
3896,7,6,1
3897,7,5,2
3898,6,1,5
3899,5,2,3
3900,9,3,6
3901,8,5,3
3902,8,4,4
3903,12,6,6
3904,6,2,4
3905,6,5,1
3906,4,1,3
3907,8,6,2
3908,7,4,3
3909,7,1,6
3910,9,4,5
3911,4,2,2
3912,2,1,1
3913,8,5,3
3914,7,1,6
3915,6,1,5
3916,6,3,3
3917,3,1,2
3918,6,2,4
3919,8,3,5
3920,8,4,4
3921,11,6,5
3922,6,2,4
3923,7,3,4
3924,9,6,3
3925,4,2,2
3926,7,4,3
3927,8,6,2
3928,3,2,1
3929,9,3,6
3930,9,5,4
3931,7,6,1
3932,8,2,6
3933,9,6,3
3934,8,2,6
3935,5,1,4
3936,6,5,1
3937,10,6,4
3938,6,3,3
3939,7,4,3
3940,9,3,6
3941,6,3,3
3942,5,4,1
3943,8,6,2
3944,3,1,2
3945,7,6,1
3946,8,3,5
3947,5,4,1
3948,6,5,1
3949,12,6,6
3950,6,5,1
3951,4,2,2
3952,6,2,4
3953,10,6,4
3954,8,2,6
3955,11,5,6
3956,6,1,5
3957,8,3,5
3958,4,3,1
3959,10,4,6
3960,5,4,1
3961,6,4,2
3962,4,1,3
3963,10,4,6
3964,6,2,4
3965,6,4,2
3966,7,1,6
3967,2,1,1
3968,11,6,5
3969,5,1,4
3970,8,3,5
3971,9,3,6
3972,10,5,5
3973,8,2,6
3974,9,5,4
3975,7,5,2
3976,5,3,2
3977,5,3,2
3978,8,3,5
3979,7,3,4
3980,8,2,6
3981,7,3,4
3982,3,1,2
3983,6,2,4
3984,4,1,3
3985,11,5,6
3986,11,6,5
3987,11,5,6
3988,4,1,3
3989,4,2,2
3990,10,5,5
3991,9,3,6
3992,8,6,2
3993,6,3,3
3994,12,6,6
3995,11,6,5
3996,6,2,4
3997,4,2,2
3998,5,4,1
3999,5,3,2
4000,9,4,5
4001,7,2,5
4002,8,6,2
4003,5,3,2
4004,7,6,1
4005,2,1,1
4006,10,6,4
4007,12,6,6
4008,11,6,5
4009,6,3,3
4010,5,4,1
4011,7,2,5
4012,8,5,3
4013,7,6,1
4014,10,5,5
4015,6,1,5
4016,3,1,2
4017,9,4,5
4018,5,4,1
4019,7,6,1
4020,8,3,5
4021,5,1,4
4022,8,2,6
4023,7,4,3
4024,10,5,5
4025,9,3,6
4026,8,2,6
4027,5,3,2
4028,11,6,5
4029,8,6,2
4030,10,4,6
4031,4,2,2
4032,7,5,2
4033,7,2,5
4034,4,1,3
4035,5,4,1
4036,9,5,4
4037,7,6,1
4038,5,2,3
4039,5,2,3
4040,9,3,6
4041,10,6,4
4042,8,4,4
4043,9,3,6
4044,4,3,1
4045,10,4,6
4046,4,3,1
4047,7,2,5
4048,7,2,5
4049,9,4,5
4050,12,6,6
4051,6,3,3
4052,10,4,6
4053,11,6,5
4054,7,4,3
4055,7,2,5
4056,6,4,2
4057,10,5,5
4058,7,6,1
4059,6,1,5
4060,10,5,5
4061,7,4,3
4062,9,5,4
4063,10,4,6
4064,10,4,6
4065,3,1,2
4066,6,4,2
4067,6,2,4
4068,11,5,6
4069,11,5,6
4070,7,2,5
4071,5,4,1
4072,6,4,2
4073,8,5,3
4074,5,3,2
4075,8,3,5
4076,9,3,6
4077,9,3,6
4078,8,3,5
4079,6,4,2
4080,9,6,3
4081,7,1,6
4082,8,3,5
4083,7,3,4
4084,12,6,6
4085,8,4,4
4086,8,5,3
4087,10,5,5
4088,9,4,5
4089,7,5,2
4090,6,3,3
4091,8,4,4
4092,7,1,6
4093,6,1,5
4094,7,4,3
4095,9,5,4
4096,7,6,1
4097,8,2,6
4098,11,6,5
4099,7,2,5
4100,5,1,4
4101,7,3,4
4102,7,5,2
4103,7,4,3
4104,10,6,4
4105,9,3,6
4106,6,4,2
4107,6,1,5
4108,5,3,2
4109,11,6,5
4110,7,1,6
4111,6,5,1
4112,3,2,1
4113,10,4,6
4114,3,1,2
4115,7,1,6
4116,4,3,1
4117,8,3,5
4118,7,4,3
4119,10,6,4
4120,8,6,2
4121,7,3,4
4122,6,3,3
4123,5,2,3
4124,6,3,3
4125,9,5,4
4126,7,3,4
4127,12,6,6
4128,3,2,1
4129,12,6,6
4130,11,5,6
4131,5,2,3
4132,7,3,4
4133,8,6,2
4134,10,6,4
4135,7,2,5
4136,6,2,4
4137,8,2,6
4138,9,6,3
4139,7,6,1
4140,7,1,6
4141,11,5,6
4142,11,5,6
4143,7,3,4
4144,8,2,6
4145,4,2,2
4146,8,6,2
4147,3,1,2
4148,5,1,4
4149,10,5,5
4150,6,1,5
4151,7,5,2
4152,7,3,4
4153,10,4,6
4154,6,3,3
4155,6,3,3
4156,7,5,2
4157,10,4,6
4158,4,2,2
4159,5,1,4
4160,3,2,1
4161,7,1,6
4162,7,6,1
4163,5,3,2
4164,8,2,6
4165,7,4,3
4166,5,4,1
4167,5,3,2
4168,10,4,6
4169,5,2,3
4170,5,1,4
4171,7,2,5
4172,6,1,5
4173,5,3,2
4174,6,2,4
4175,10,6,4
4176,7,2,5
4177,7,3,4
4178,8,6,2
4179,7,2,5
4180,6,1,5
4181,5,4,1
4182,6,3,3
4183,6,3,3
4184,5,3,2
4185,8,4,4
4186,6,4,2
4187,8,5,3
4188,8,5,3
4189,6,3,3
4190,6,2,4
4191,7,1,6
4192,5,4,1
4193,8,5,3
4194,8,4,4
4195,12,6,6
4196,5,2,3
4197,9,4,5
4198,11,5,6
4199,3,2,1
4200,7,2,5
4201,7,3,4
4202,6,1,5
4203,9,6,3
4204,10,5,5
4205,2,1,1
4206,10,4,6
4207,7,3,4
4208,10,4,6
4209,3,1,2
4210,4,1,3
4211,7,3,4
4212,6,4,2
4213,9,6,3
4214,3,1,2
4215,7,5,2
4216,10,5,5
4217,6,4,2
4218,11,6,5
4219,10,6,4
4220,11,6,5
4221,8,4,4
4222,4,1,3
4223,6,2,4
4224,7,2,5
4225,3,1,2
4226,4,1,3
4227,6,5,1
4228,7,3,4
4229,8,3,5
4230,9,3,6
4231,10,6,4
4232,10,4,6
4233,8,6,2
4234,3,2,1
4235,6,1,5
4236,7,3,4
4237,5,4,1
4238,3,2,1
4239,11,5,6
4240,10,5,5
4241,3,1,2
4242,9,4,5
4243,3,2,1
4244,9,3,6
4245,9,4,5
4246,12,6,6
4247,9,6,3
4248,6,5,1
4249,10,6,4
4250,7,6,1
4251,10,6,4
4252,9,3,6
4253,9,5,4
4254,9,3,6
4255,7,2,5
4256,4,2,2
4257,5,2,3
4258,7,2,5
4259,8,3,5
4260,3,1,2
4261,7,6,1
4262,5,4,1
4263,7,1,6
4264,9,3,6
4265,7,2,5
4266,11,5,6
4267,6,5,1
4268,10,4,6
4269,6,1,5
4270,8,5,3
4271,6,4,2
4272,8,5,3
4273,4,1,3
4274,10,6,4
4275,5,4,1
4276,7,6,1
4277,4,1,3
4278,7,5,2
4279,5,4,1
4280,10,6,4
4281,7,3,4
4282,4,2,2
4283,9,6,3
4284,7,2,5
4285,2,1,1
4286,10,4,6
4287,6,1,5
4288,6,2,4
4289,9,6,3
4290,4,1,3
4291,10,6,4
4292,2,1,1
4293,6,3,3
4294,6,2,4
4295,11,5,6
4296,5,4,1
4297,7,1,6
4298,7,3,4
4299,11,5,6
4300,7,6,1
4301,9,4,5
4302,10,6,4
4303,7,2,5
4304,6,4,2
4305,6,4,2
4306,7,2,5
4307,10,6,4
4308,12,6,6
4309,6,3,3
4310,7,6,1
4311,6,5,1
4312,5,3,2
4313,7,6,1
4314,11,5,6
4315,8,2,6
4316,9,6,3
4317,7,5,2
4318,8,3,5
4319,5,4,1
4320,9,5,4
4321,6,1,5
4322,6,4,2
4323,5,1,4
4324,8,5,3
4325,5,2,3
4326,10,5,5
4327,8,6,2
4328,7,1,6
4329,7,2,5
4330,7,5,2
4331,11,5,6
4332,5,3,2
4333,2,1,1
4334,6,5,1
4335,3,1,2
4336,7,6,1
4337,7,6,1
4338,6,3,3
4339,8,3,5
4340,4,1,3
4341,10,4,6
4342,10,4,6
4343,10,4,6
4344,4,3,1
4345,8,3,5
4346,9,6,3
4347,4,2,2
4348,7,6,1
4349,8,2,6
4350,6,3,3
4351,6,2,4
4352,11,5,6
4353,11,6,5
4354,9,6,3
4355,5,4,1
4356,11,5,6
4357,7,1,6
4358,10,5,5
4359,7,2,5
4360,7,1,6
4361,4,3,1
4362,6,4,2
4363,7,1,6
4364,7,1,6
4365,8,2,6
4366,7,1,6
4367,3,1,2
4368,11,5,6
4369,11,6,5
4370,11,6,5
4371,5,3,2
4372,9,4,5
4373,7,1,6
4374,7,5,2
4375,7,2,5
4376,7,1,6
4377,12,6,6
4378,8,4,4
4379,10,4,6
4380,3,2,1
4381,4,3,1
4382,10,5,5
4383,10,5,5
4384,5,2,3
4385,7,1,6
4386,6,4,2
4387,8,4,4
4388,10,4,6
4389,8,5,3
4390,3,2,1
4391,9,3,6
4392,9,4,5
4393,3,2,1
4394,7,6,1
4395,2,1,1
4396,10,5,5
4397,7,1,6
4398,9,6,3
4399,7,6,1
4400,5,3,2
4401,4,3,1
4402,5,2,3
4403,4,2,2
4404,4,3,1
4405,6,4,2
4406,4,1,3
4407,7,1,6
4408,9,4,5
4409,7,3,4
4410,5,3,2
4411,2,1,1
4412,6,4,2
4413,10,4,6
4414,6,5,1
4415,7,6,1
4416,10,5,5
4417,8,3,5
4418,8,4,4
4419,10,4,6
4420,4,2,2
4421,6,2,4
4422,9,3,6
4423,3,2,1
4424,9,3,6
4425,10,6,4
4426,12,6,6
4427,5,3,2
4428,11,5,6
4429,10,5,5
4430,2,1,1
4431,11,5,6
4432,7,3,4
4433,5,3,2
4434,8,5,3
4435,3,2,1
4436,5,4,1
4437,7,1,6
4438,9,4,5
4439,6,3,3
4440,8,3,5
4441,5,1,4
4442,5,3,2
4443,4,3,1
4444,8,4,4
4445,4,1,3
4446,7,2,5
4447,2,1,1
4448,7,1,6
4449,4,1,3
4450,7,4,3
4451,9,3,6
4452,9,3,6
4453,9,3,6
4454,4,2,2
4455,8,4,4
4456,5,1,4
4457,10,6,4
4458,2,1,1
4459,6,3,3
4460,8,2,6
4461,7,4,3
4462,4,3,1
4463,7,1,6
4464,9,6,3
4465,8,4,4
4466,3,1,2
4467,7,6,1
4468,10,5,5
4469,7,4,3
4470,6,4,2
4471,7,5,2
4472,4,3,1
4473,8,5,3
4474,7,5,2
4475,7,3,4
4476,7,5,2
4477,8,2,6
4478,11,6,5
4479,9,4,5
4480,6,1,5
4481,10,4,6
4482,10,5,5
4483,6,5,1
4484,6,2,4
4485,2,1,1
4486,4,3,1
4487,4,1,3
4488,3,1,2
4489,5,1,4
4490,10,4,6
4491,6,4,2
4492,4,1,3
4493,5,2,3
4494,9,5,4
4495,7,3,4
4496,3,2,1
4497,9,6,3
4498,10,5,5
4499,6,1,5
4500,6,4,2
4501,5,3,2
4502,10,4,6
4503,9,5,4
4504,11,5,6
4505,9,4,5
4506,9,3,6
4507,3,2,1
4508,5,1,4
4509,9,3,6
4510,4,3,1
4511,8,5,3
4512,10,5,5
4513,7,1,6
4514,7,6,1
4515,8,2,6
4516,10,6,4
4517,12,6,6
4518,12,6,6
4519,9,3,6
4520,8,6,2
4521,5,1,4
4522,5,1,4
4523,6,3,3
4524,3,1,2
4525,7,1,6
4526,8,2,6
4527,9,6,3
4528,5,1,4
4529,8,5,3
4530,8,3,5
4531,8,2,6
4532,7,6,1
4533,5,3,2
4534,10,5,5
4535,12,6,6
4536,6,3,3
4537,7,2,5
4538,7,5,2
4539,9,6,3
4540,8,2,6
4541,7,1,6
4542,7,4,3
4543,3,2,1
4544,7,5,2
4545,10,4,6
4546,8,6,2
4547,6,4,2
4548,9,6,3
4549,8,3,5
4550,5,2,3
4551,6,1,5
4552,4,3,1
4553,7,6,1
4554,7,6,1
4555,7,1,6
4556,8,2,6
4557,10,6,4
4558,8,3,5
4559,5,4,1
4560,8,2,6
4561,5,1,4
4562,5,1,4
4563,5,1,4
4564,9,5,4
4565,10,5,5
4566,3,2,1
4567,10,5,5
4568,5,4,1
4569,7,1,6
4570,5,1,4
4571,4,1,3
4572,7,1,6
4573,8,4,4
4574,5,3,2
4575,7,1,6
4576,8,4,4
4577,4,1,3
4578,4,1,3
4579,4,2,2
4580,9,4,5
4581,11,6,5
4582,10,5,5
4583,5,4,1
4584,9,5,4
4585,9,3,6
4586,6,5,1
4587,5,4,1
4588,8,2,6
4589,7,1,6
4590,8,3,5
4591,8,5,3
4592,7,5,2
4593,5,4,1
4594,6,3,3
4595,8,6,2
4596,6,1,5
4597,3,1,2
4598,6,2,4
4599,6,5,1
4600,7,6,1
4601,11,6,5
4602,11,6,5
4603,8,6,2
4604,3,1,2
4605,7,5,2
4606,11,6,5
4607,9,5,4
4608,6,4,2
4609,9,4,5
4610,6,3,3
4611,9,3,6
4612,12,6,6
4613,7,4,3
4614,7,5,2
4615,5,3,2
4616,7,6,1
4617,9,6,3
4618,6,2,4
4619,7,1,6
4620,6,1,5
4621,6,2,4
4622,9,6,3
4623,9,4,5
4624,7,5,2
4625,2,1,1
4626,12,6,6
4627,9,3,6
4628,12,6,6
4629,6,4,2
4630,7,1,6
4631,8,3,5
4632,8,4,4
4633,4,1,3
4634,8,3,5
4635,11,6,5
4636,8,4,4
4637,5,3,2
4638,8,4,4
4639,12,6,6
4640,3,2,1
4641,6,3,3
4642,9,5,4
4643,3,1,2
4644,9,5,4
4645,6,5,1
4646,5,2,3
4647,6,2,4
4648,7,2,5
4649,5,3,2
4650,11,6,5
4651,7,3,4
4652,7,3,4
4653,6,4,2
4654,9,3,6
4655,3,1,2
4656,4,2,2
4657,3,1,2
4658,5,2,3
4659,7,2,5
4660,11,6,5
4661,2,1,1
4662,8,4,4
4663,8,2,6
4664,4,2,2
4665,4,3,1
4666,9,3,6
4667,8,3,5
4668,9,6,3
4669,9,4,5
4670,6,5,1
4671,6,4,2
4672,8,2,6
4673,3,2,1
4674,4,1,3
4675,11,6,5
4676,6,2,4
4677,5,4,1
4678,5,3,2
4679,10,4,6
4680,8,4,4
4681,8,3,5
4682,6,2,4
4683,7,5,2
4684,3,2,1
4685,9,3,6
4686,9,3,6
4687,6,2,4
4688,3,2,1
4689,6,4,2
4690,7,3,4
4691,5,4,1
4692,10,6,4
4693,8,2,6
4694,6,4,2
4695,5,4,1
4696,5,3,2
4697,9,6,3
4698,6,5,1
4699,6,5,1
4700,10,5,5
4701,7,2,5
4702,6,1,5
4703,5,2,3
4704,10,6,4
4705,11,6,5
4706,6,3,3
4707,8,3,5
4708,6,4,2
4709,7,4,3
4710,7,6,1
4711,10,4,6
4712,8,3,5
4713,10,5,5
4714,7,5,2
4715,9,4,5
4716,2,1,1
4717,7,4,3
4718,8,4,4
4719,7,4,3
4720,6,4,2
4721,6,3,3
4722,8,5,3
4723,6,1,5
4724,7,6,1
4725,6,4,2
4726,7,1,6
4727,10,5,5
4728,8,2,6
4729,8,3,5
4730,4,3,1
4731,5,2,3
4732,12,6,6
4733,5,3,2
4734,7,5,2
4735,7,5,2
4736,8,4,4
4737,9,5,4
4738,9,4,5
4739,6,3,3
4740,5,2,3
4741,4,2,2
4742,9,4,5
4743,4,3,1
4744,6,3,3
4745,12,6,6
4746,7,1,6
4747,3,2,1
4748,10,5,5
4749,10,5,5
4750,7,2,5
4751,6,2,4
4752,7,4,3
4753,6,1,5
4754,6,4,2
4755,12,6,6
4756,9,3,6
4757,12,6,6
4758,9,4,5
4759,11,6,5
4760,5,4,1
4761,7,1,6
4762,4,1,3
4763,6,3,3
4764,7,1,6
4765,3,1,2
4766,7,4,3
4767,2,1,1
4768,4,2,2
4769,6,3,3
4770,3,1,2
4771,4,1,3
4772,9,4,5
4773,8,3,5
4774,9,5,4
4775,4,3,1
4776,7,3,4
4777,9,5,4
4778,2,1,1
4779,5,2,3
4780,7,3,4
4781,7,1,6
4782,4,2,2
4783,9,4,5
4784,7,2,5
4785,12,6,6
4786,5,3,2
4787,4,2,2
4788,7,4,3
4789,4,1,3
4790,9,4,5
4791,5,4,1
4792,11,6,5
4793,4,3,1
4794,4,2,2
4795,8,5,3
4796,7,4,3
4797,6,3,3
4798,3,1,2
4799,11,6,5
4800,10,6,4
4801,5,4,1
4802,5,2,3
4803,7,3,4
4804,7,5,2
4805,12,6,6
4806,9,4,5
4807,10,5,5
4808,5,2,3
4809,9,4,5
4810,6,3,3
4811,7,4,3
4812,7,5,2
4813,6,3,3
4814,4,1,3
4815,5,3,2
4816,6,2,4
4817,7,4,3
4818,7,3,4
4819,7,3,4
4820,4,3,1
4821,2,1,1
4822,9,5,4
4823,7,1,6
4824,9,4,5
4825,11,6,5
4826,6,5,1
4827,7,3,4
4828,8,6,2
4829,11,6,5
4830,10,5,5
4831,11,5,6
4832,6,5,1
4833,11,6,5
4834,7,6,1
4835,3,1,2
4836,5,2,3
4837,10,4,6
4838,6,4,2
4839,11,6,5
4840,9,5,4
4841,4,3,1
4842,7,6,1
4843,8,4,4
4844,6,5,1
4845,9,6,3
4846,10,5,5
4847,6,1,5
4848,6,4,2
4849,9,3,6
4850,5,2,3
4851,6,4,2
4852,9,3,6
4853,12,6,6
4854,8,6,2
4855,8,2,6
4856,6,2,4
4857,6,5,1
4858,11,5,6
4859,7,3,4
4860,8,6,2
4861,5,3,2
4862,11,6,5
4863,2,1,1
4864,10,4,6
4865,4,1,3
4866,6,3,3
4867,4,2,2
4868,5,4,1
4869,4,2,2
4870,5,4,1
4871,8,5,3
4872,8,3,5
4873,7,1,6
4874,5,4,1
4875,7,3,4
4876,3,2,1
4877,10,4,6
4878,7,1,6
4879,7,4,3
4880,10,5,5
4881,7,5,2
4882,4,3,1
4883,5,2,3
4884,7,1,6
4885,11,5,6
4886,8,6,2
4887,4,2,2
4888,8,4,4
4889,8,3,5
4890,6,3,3
4891,11,6,5
4892,4,2,2
4893,6,2,4
4894,7,5,2
4895,8,2,6
4896,7,4,3
4897,7,3,4
4898,4,2,2
4899,8,4,4
4900,3,1,2
4901,8,6,2
4902,2,1,1
4903,8,6,2
4904,2,1,1
4905,3,1,2
4906,7,1,6
4907,6,4,2
4908,10,6,4
4909,6,4,2
4910,5,1,4
4911,7,3,4
4912,11,6,5
4913,7,2,5
4914,5,3,2
4915,9,4,5
4916,2,1,1
4917,11,6,5
4918,3,2,1
4919,8,2,6
4920,3,1,2
4921,2,1,1
4922,7,1,6
4923,9,4,5
4924,5,2,3
4925,9,3,6
4926,4,3,1
4927,8,6,2
4928,5,3,2
4929,10,4,6
4930,12,6,6
4931,5,2,3
4932,11,6,5
4933,5,4,1
4934,6,4,2
4935,8,3,5
4936,9,4,5
4937,10,6,4
4938,11,6,5
4939,4,1,3
4940,10,6,4
4941,10,4,6
4942,9,6,3
4943,12,6,6
4944,5,1,4
4945,7,4,3
4946,6,2,4
4947,6,1,5
4948,8,4,4
4949,8,6,2
4950,8,2,6
4951,6,5,1
4952,12,6,6
4953,5,1,4
4954,8,3,5
4955,6,5,1
4956,11,6,5
4957,7,4,3
4958,6,2,4
4959,9,5,4
4960,6,1,5
4961,7,2,5
4962,6,1,5
4963,4,1,3
4964,11,6,5
4965,5,2,3
4966,7,6,1
4967,6,4,2
4968,4,1,3
4969,4,1,3
4970,6,4,2
4971,8,4,4
4972,2,1,1
4973,4,3,1
4974,3,1,2
4975,5,1,4
4976,8,5,3
4977,6,4,2
4978,5,4,1
4979,7,4,3
4980,4,1,3
4981,7,6,1
4982,12,6,6
4983,8,3,5
4984,8,5,3
4985,7,3,4
4986,8,6,2
4987,5,3,2
4988,3,2,1
4989,11,6,5
4990,7,3,4
4991,5,2,3
4992,12,6,6
4993,9,3,6
4994,10,6,4
4995,6,1,5
4996,4,2,2
4997,9,6,3
4998,7,5,2
4999,10,4,6
5000,8,2,6
5001,8,4,4
5002,12,6,6
5003,9,3,6
5004,3,2,1
5005,6,4,2
5006,10,6,4
5007,6,4,2
5008,9,4,5
5009,4,3,1
5010,8,2,6
5011,6,4,2
5012,7,6,1
5013,7,2,5
5014,8,5,3
5015,5,1,4
5016,8,4,4
5017,4,3,1
5018,6,2,4
5019,8,5,3
5020,8,3,5
5021,6,5,1
5022,6,4,2
5023,6,5,1
5024,10,5,5
5025,10,5,5
5026,4,1,3
5027,3,1,2
5028,7,1,6
5029,9,6,3
5030,8,2,6
5031,4,2,2
5032,8,5,3
5033,6,3,3
5034,9,4,5
5035,3,1,2
5036,5,3,2
5037,9,4,5
5038,2,1,1
5039,9,6,3
5040,10,4,6
5041,5,2,3
5042,9,4,5
5043,8,6,2
5044,3,2,1
5045,12,6,6
5046,4,2,2
5047,6,5,1
5048,7,1,6
5049,6,2,4
5050,4,1,3
5051,4,1,3
5052,8,3,5
5053,11,6,5
5054,8,3,5
5055,7,6,1
5056,10,4,6
5057,3,2,1
5058,7,5,2
5059,11,5,6
5060,6,1,5
5061,7,5,2
5062,5,1,4
5063,4,1,3
5064,6,3,3
5065,8,2,6
5066,5,3,2
5067,6,5,1
5068,6,1,5
5069,8,6,2
5070,8,6,2
5071,7,5,2
5072,12,6,6
5073,6,5,1
5074,9,5,4
5075,5,2,3
5076,11,6,5
5077,6,1,5
5078,10,5,5
5079,8,2,6
5080,10,4,6
5081,5,4,1
5082,7,3,4
5083,9,4,5
5084,6,5,1
5085,8,3,5
5086,7,6,1
5087,7,3,4
5088,7,4,3
5089,8,5,3
5090,7,1,6
5091,5,4,1
5092,4,2,2
5093,6,1,5
5094,6,2,4
5095,6,2,4
5096,11,5,6
5097,7,5,2
5098,6,2,4
5099,7,5,2
5100,6,5,1
5101,4,3,1
5102,12,6,6
5103,4,3,1
5104,7,2,5
5105,8,5,3
5106,8,6,2
5107,8,4,4
5108,9,5,4
5109,8,5,3
5110,6,2,4
5111,6,1,5
5112,7,5,2
5113,9,6,3
5114,9,6,3
5115,8,5,3
5116,9,6,3
5117,5,3,2
5118,9,3,6
5119,5,1,4
5120,6,3,3
5121,5,1,4
5122,8,6,2
5123,9,3,6
5124,8,4,4
5125,4,3,1
5126,6,4,2
5127,11,6,5
5128,8,5,3
5129,5,1,4
5130,6,1,5
5131,9,4,5
5132,5,1,4
5133,9,4,5
5134,7,4,3
5135,7,1,6
5136,6,5,1
5137,6,4,2
5138,11,6,5
5139,6,2,4
5140,6,5,1
5141,7,2,5
5142,4,3,1
5143,9,5,4
5144,8,6,2
5145,5,4,1
5146,7,2,5
5147,11,5,6
5148,9,4,5
5149,7,5,2
5150,9,3,6
5151,3,1,2
5152,7,2,5
5153,4,3,1
5154,9,5,4
5155,3,2,1
5156,11,6,5
5157,5,1,4
5158,8,2,6
5159,2,1,1
5160,7,2,5
5161,7,4,3
5162,9,5,4
5163,9,6,3
5164,4,2,2
5165,4,3,1
5166,6,2,4
5167,3,1,2
5168,7,2,5
5169,7,4,3
5170,7,4,3
5171,11,6,5
5172,8,6,2
5173,11,6,5
5174,10,4,6
5175,9,6,3
5176,6,2,4
5177,6,4,2
5178,12,6,6
5179,3,2,1
5180,5,2,3
5181,12,6,6
5182,6,4,2
5183,7,2,5
5184,12,6,6
5185,6,1,5
5186,3,1,2
5187,9,4,5
5188,7,1,6
5189,5,1,4
5190,5,2,3
5191,4,3,1
5192,6,3,3
5193,7,1,6
5194,8,6,2
5195,3,1,2
5196,9,6,3
5197,7,2,5
5198,6,2,4
5199,10,6,4
5200,6,2,4
5201,8,5,3
5202,4,2,2
5203,11,5,6
5204,10,4,6
5205,5,3,2
5206,11,5,6
5207,6,4,2
5208,5,3,2
5209,4,1,3
5210,6,4,2
5211,9,4,5
5212,5,3,2
5213,9,3,6
5214,7,1,6
5215,6,2,4
5216,5,3,2
5217,6,3,3
5218,9,3,6
5219,10,4,6
5220,6,4,2
5221,7,6,1
5222,5,4,1
5223,5,2,3
5224,5,4,1
5225,5,4,1
5226,7,3,4
5227,6,5,1
5228,10,5,5
5229,8,6,2
5230,9,3,6
5231,9,5,4
5232,5,4,1
5233,8,2,6
5234,9,5,4
5235,9,4,5
5236,8,3,5
5237,5,4,1
5238,3,1,2
5239,10,4,6
5240,10,5,5
5241,4,1,3
5242,4,3,1
5243,6,2,4
5244,5,4,1
5245,2,1,1
5246,6,4,2
5247,10,5,5
5248,4,1,3
5249,2,1,1
5250,9,4,5
5251,5,4,1
5252,5,1,4
5253,3,2,1
5254,6,2,4
5255,7,4,3
5256,4,3,1
5257,6,2,4
5258,8,5,3
5259,7,2,5
5260,9,6,3
5261,8,5,3
5262,5,3,2
5263,4,1,3
5264,5,2,3
5265,8,3,5
5266,9,6,3
5267,9,4,5
5268,9,4,5
5269,7,5,2
5270,9,4,5
5271,4,2,2
5272,7,2,5
5273,2,1,1
5274,7,6,1
5275,4,3,1
5276,7,2,5
5277,4,1,3
5278,6,4,2
5279,8,3,5
5280,5,2,3
5281,5,1,4
5282,5,3,2
5283,2,1,1
5284,4,2,2
5285,4,2,2
5286,7,3,4
5287,9,5,4
5288,7,5,2
5289,9,3,6
5290,5,3,2
5291,11,6,5
5292,4,3,1
5293,5,2,3
5294,6,1,5
5295,10,4,6
5296,2,1,1
5297,6,1,5
5298,10,4,6
5299,9,5,4
5300,12,6,6
5301,5,2,3
5302,5,3,2
5303,4,2,2
5304,6,3,3
5305,5,2,3
5306,7,1,6
5307,2,1,1
5308,3,2,1
5309,6,2,4
5310,8,4,4
5311,12,6,6
5312,7,6,1
5313,6,4,2
5314,10,4,6
5315,5,4,1
5316,8,3,5
5317,11,5,6
5318,11,6,5
5319,10,4,6
5320,6,1,5
5321,9,6,3
5322,5,3,2
5323,8,2,6
5324,4,2,2
5325,4,2,2
5326,6,3,3
5327,9,4,5
5328,3,2,1
5329,2,1,1
5330,4,3,1
5331,7,1,6
5332,8,3,5
5333,6,3,3
5334,8,2,6
5335,8,2,6
5336,7,3,4
5337,6,4,2
5338,7,3,4
5339,10,4,6
5340,6,2,4
5341,5,2,3
5342,10,5,5
5343,9,4,5
5344,5,2,3
5345,11,5,6
5346,10,5,5
5347,8,6,2
5348,9,5,4
5349,6,5,1
5350,5,1,4
5351,6,4,2
5352,3,1,2
5353,9,5,4
5354,11,5,6
5355,11,6,5
5356,6,4,2
5357,4,1,3
5358,5,1,4
5359,9,3,6
5360,8,4,4
5361,8,6,2
5362,9,4,5
5363,11,5,6
5364,5,4,1
5365,10,5,5
5366,10,6,4
5367,4,3,1
5368,4,2,2
5369,7,3,4
5370,7,1,6
5371,6,1,5
5372,12,6,6
5373,6,2,4
5374,6,1,5
5375,6,2,4
5376,5,4,1
5377,8,3,5
5378,8,5,3
5379,9,6,3
5380,7,6,1
5381,12,6,6
5382,2,1,1
5383,5,3,2
5384,6,1,5
5385,7,3,4
5386,6,2,4
5387,4,1,3
5388,5,3,2
5389,7,6,1
5390,9,4,5
5391,6,3,3
5392,5,3,2
5393,11,5,6
5394,10,6,4
5395,7,1,6
5396,7,3,4
5397,11,5,6
5398,5,2,3
5399,9,6,3
5400,4,1,3
5401,7,2,5
5402,7,6,1
5403,10,6,4
5404,6,5,1
5405,8,5,3
5406,4,3,1
5407,9,5,4
5408,5,3,2
5409,4,1,3
5410,3,1,2
5411,6,3,3
5412,8,5,3
5413,5,2,3
5414,9,4,5
5415,3,1,2
5416,7,3,4
5417,3,2,1
5418,7,1,6
5419,10,6,4
5420,7,4,3
5421,10,5,5
5422,7,6,1
5423,6,2,4
5424,7,5,2
5425,4,3,1
5426,11,6,5
5427,7,1,6
5428,5,3,2
5429,5,4,1
5430,8,3,5
5431,5,2,3
5432,7,1,6
5433,8,2,6
5434,2,1,1
5435,7,2,5
5436,3,2,1
5437,6,3,3
5438,7,5,2
5439,9,6,3
5440,6,1,5
5441,9,4,5
5442,5,1,4
5443,8,2,6
5444,3,1,2
5445,7,5,2
5446,8,3,5
5447,7,5,2
5448,5,2,3
5449,7,1,6
5450,7,1,6
5451,11,5,6
5452,5,2,3
5453,8,4,4
5454,10,5,5
5455,4,3,1
5456,3,2,1
5457,9,4,5
5458,4,2,2
5459,8,2,6
5460,11,5,6
5461,11,6,5
5462,3,2,1
5463,9,5,4
5464,3,2,1
5465,9,5,4
5466,5,1,4
5467,6,4,2
5468,9,4,5
5469,6,1,5
5470,8,3,5
5471,6,1,5
5472,10,6,4
5473,5,4,1
5474,4,2,2
5475,4,3,1
5476,4,2,2
5477,5,1,4
5478,2,1,1
5479,8,4,4
5480,9,3,6
5481,10,4,6
5482,2,1,1
5483,7,4,3
5484,5,3,2
5485,5,3,2
5486,8,5,3
5487,12,6,6
5488,2,1,1
5489,6,2,4
5490,6,1,5
5491,4,2,2
5492,5,2,3
5493,5,4,1
5494,6,4,2
5495,7,3,4
5496,4,3,1
5497,6,2,4
5498,7,4,3
5499,3,1,2
5500,6,1,5
5501,5,3,2
5502,8,5,3
5503,10,4,6
5504,10,6,4
5505,8,2,6
5506,9,6,3
5507,8,6,2
5508,2,1,1
5509,5,1,4
5510,6,5,1
5511,6,5,1
5512,9,3,6
5513,7,2,5
5514,4,3,1
5515,7,6,1
5516,9,3,6
5517,10,6,4
5518,8,6,2
5519,2,1,1
5520,9,6,3
5521,5,3,2
5522,6,2,4
5523,6,5,1
5524,10,5,5
5525,7,4,3
5526,3,2,1
5527,8,3,5
5528,4,3,1
5529,7,3,4
5530,5,4,1
5531,7,6,1
5532,7,2,5
5533,8,2,6
5534,11,5,6
5535,7,2,5
5536,6,2,4
5537,4,2,2
5538,2,1,1
5539,9,4,5
5540,3,1,2
5541,5,2,3
5542,8,4,4
5543,12,6,6
5544,10,6,4
5545,9,6,3
5546,7,6,1
5547,10,6,4
5548,3,1,2
5549,10,6,4
5550,6,5,1
5551,11,5,6
5552,7,5,2
5553,11,6,5
5554,9,5,4
5555,12,6,6
5556,7,6,1
5557,6,5,1
5558,8,2,6
5559,12,6,6
5560,7,1,6
5561,6,1,5
5562,7,4,3
5563,6,4,2
5564,7,3,4
5565,4,1,3
5566,10,5,5
5567,6,5,1
5568,11,5,6
5569,3,1,2
5570,9,6,3
5571,3,1,2
5572,8,6,2
5573,4,1,3
5574,7,2,5
5575,5,2,3
5576,10,6,4
5577,9,3,6
5578,8,3,5
5579,7,2,5
5580,4,2,2
5581,5,3,2
5582,4,2,2
5583,9,3,6
5584,4,2,2
5585,6,1,5
5586,5,2,3
5587,8,4,4
5588,8,6,2
5589,8,6,2
5590,6,5,1
5591,5,4,1
5592,7,4,3
5593,8,5,3
5594,7,2,5
5595,6,3,3
5596,5,3,2
5597,7,1,6
5598,6,3,3
5599,9,6,3
5600,10,4,6
5601,9,5,4
5602,12,6,6
5603,6,2,4
5604,7,6,1
5605,7,2,5
5606,8,4,4
5607,6,5,1
5608,5,1,4
5609,9,6,3
5610,5,1,4
5611,11,5,6
5612,7,1,6
5613,6,3,3
5614,3,2,1
5615,7,5,2
5616,7,1,6
5617,11,5,6
5618,8,3,5
5619,4,2,2
5620,7,6,1
5621,7,2,5
5622,9,4,5
5623,11,6,5
5624,8,5,3
5625,2,1,1
5626,7,1,6
5627,4,3,1
5628,6,3,3
5629,7,1,6
5630,3,1,2
5631,7,1,6
5632,7,6,1
5633,5,1,4
5634,6,5,1
5635,2,1,1
5636,10,6,4
5637,7,6,1
5638,9,4,5
5639,11,6,5
5640,4,1,3
5641,4,2,2
5642,5,1,4
5643,5,1,4
5644,3,2,1
5645,6,3,3
5646,8,2,6
5647,9,6,3
5648,9,6,3
5649,6,2,4
5650,6,5,1
5651,8,2,6
5652,9,4,5
5653,11,6,5
5654,8,5,3
5655,7,6,1
5656,10,5,5
5657,6,4,2
5658,8,4,4
5659,5,2,3
5660,5,4,1
5661,3,1,2
5662,11,6,5
5663,9,5,4
5664,9,6,3
5665,5,4,1
5666,9,6,3
5667,8,5,3
5668,7,3,4
5669,5,1,4
5670,6,4,2
5671,6,5,1
5672,2,1,1
5673,7,1,6
5674,5,1,4
5675,5,2,3
5676,5,3,2
5677,5,4,1
5678,4,2,2
5679,11,6,5
5680,6,4,2
5681,9,3,6
5682,2,1,1
5683,11,6,5
5684,4,1,3
5685,4,3,1
5686,5,2,3
5687,10,4,6
5688,6,3,3
5689,8,5,3
5690,6,1,5
5691,10,4,6
5692,5,2,3
5693,7,2,5
5694,3,1,2
5695,12,6,6
5696,12,6,6
5697,9,6,3
5698,6,2,4
5699,3,2,1
5700,8,2,6
5701,8,2,6
5702,6,3,3
5703,4,1,3
5704,10,6,4
5705,12,6,6
5706,10,4,6
5707,4,2,2
5708,7,1,6
5709,6,5,1
5710,8,6,2
5711,3,2,1
5712,9,4,5
5713,10,5,5
5714,7,3,4
5715,7,6,1
5716,3,2,1
5717,11,5,6
5718,5,4,1
5719,7,5,2
5720,8,4,4
5721,6,2,4
5722,10,6,4
5723,3,2,1
5724,7,1,6
5725,7,1,6
5726,7,1,6
5727,11,5,6
5728,8,4,4
5729,7,1,6
5730,5,3,2
5731,11,5,6
5732,11,6,5
5733,3,1,2
5734,6,3,3
5735,8,3,5
5736,9,3,6
5737,10,6,4
5738,2,1,1
5739,10,4,6
5740,5,2,3
5741,8,5,3
5742,7,2,5
5743,10,4,6
5744,8,5,3
5745,8,3,5
5746,8,3,5
5747,6,2,4
5748,8,4,4
5749,7,4,3
5750,12,6,6
5751,7,4,3
5752,4,2,2
5753,6,4,2
5754,7,6,1
5755,4,3,1
5756,6,1,5
5757,8,4,4
5758,6,1,5
5759,10,4,6
5760,8,5,3
5761,9,4,5
5762,9,4,5
5763,9,3,6
5764,11,6,5
5765,8,2,6
5766,5,4,1
5767,6,1,5
5768,6,3,3
5769,9,3,6
5770,4,2,2
5771,9,5,4
5772,7,3,4
5773,8,3,5
5774,12,6,6
5775,7,6,1
5776,7,2,5
5777,7,1,6
5778,8,2,6
5779,4,2,2
5780,6,3,3
5781,7,1,6
5782,7,4,3
5783,8,6,2
5784,6,1,5
5785,4,2,2
5786,7,3,4
5787,5,2,3
5788,7,4,3
5789,2,1,1
5790,7,6,1
5791,8,5,3
5792,11,5,6
5793,4,2,2
5794,5,4,1
5795,9,3,6
5796,8,2,6
5797,7,2,5
5798,10,6,4
5799,9,4,5
5800,5,1,4
5801,6,3,3
5802,3,2,1
5803,10,4,6
5804,2,1,1
5805,11,5,6
5806,9,4,5
5807,9,6,3
5808,11,5,6
5809,6,2,4
5810,11,6,5
5811,10,6,4
5812,9,6,3
5813,4,1,3
5814,8,2,6
5815,4,2,2
5816,7,5,2
5817,9,3,6
5818,11,5,6
5819,10,6,4
5820,8,6,2
5821,7,4,3
5822,10,4,6
5823,6,3,3
5824,2,1,1
5825,2,1,1
5826,4,2,2
5827,8,5,3
5828,3,1,2
5829,11,5,6
5830,6,3,3
5831,10,4,6
5832,3,2,1
5833,6,2,4
5834,7,1,6
5835,9,4,5
5836,5,3,2
5837,9,3,6
5838,5,2,3
5839,12,6,6
5840,9,5,4
5841,5,1,4
5842,3,2,1
5843,10,4,6
5844,5,1,4
5845,11,6,5
5846,9,6,3
5847,6,5,1
5848,7,2,5
5849,9,3,6
5850,2,1,1
5851,9,6,3
5852,12,6,6
5853,6,3,3
5854,9,6,3
5855,7,6,1
5856,6,1,5
5857,5,4,1
5858,10,6,4
5859,8,6,2
5860,10,6,4
5861,9,4,5
5862,5,4,1
5863,7,1,6
5864,6,2,4
5865,8,2,6
5866,5,2,3
5867,11,5,6
5868,10,6,4
5869,5,3,2
5870,6,1,5
5871,7,2,5
5872,5,1,4
5873,9,4,5
5874,5,4,1
5875,8,2,6
5876,4,2,2
5877,2,1,1
5878,8,6,2
5879,5,2,3
5880,8,2,6
5881,7,1,6
5882,10,4,6
5883,6,5,1
5884,7,6,1
5885,8,6,2
5886,11,5,6
5887,8,2,6
5888,10,6,4
5889,9,3,6
5890,9,3,6
5891,7,6,1
5892,6,1,5
5893,10,5,5
5894,7,2,5
5895,5,4,1
5896,10,6,4
5897,6,3,3
5898,2,1,1
5899,4,2,2
5900,6,2,4
5901,6,3,3
5902,2,1,1
5903,11,6,5
5904,2,1,1
5905,5,2,3
5906,4,1,3
5907,8,2,6
5908,8,3,5
5909,4,1,3
5910,7,2,5
5911,3,1,2
5912,6,1,5
5913,6,5,1
5914,8,3,5
5915,4,2,2
5916,7,5,2
5917,3,2,1
5918,7,1,6
5919,8,4,4
5920,5,1,4
5921,4,2,2
5922,8,2,6
5923,2,1,1
5924,5,4,1
5925,2,1,1
5926,9,6,3
5927,8,4,4
5928,9,4,5
5929,10,5,5
5930,7,6,1
5931,6,4,2
5932,8,4,4
5933,5,3,2
5934,3,1,2
5935,7,5,2
5936,6,1,5
5937,4,3,1
5938,10,6,4
5939,5,2,3
5940,6,2,4
5941,6,3,3
5942,6,3,3
5943,7,6,1
5944,9,5,4
5945,9,3,6
5946,10,6,4
5947,5,2,3
5948,5,2,3
5949,5,3,2
5950,5,3,2
5951,6,2,4
5952,6,4,2
5953,6,4,2
5954,3,2,1
5955,8,2,6
5956,3,1,2
5957,2,1,1
5958,12,6,6
5959,7,5,2
5960,5,2,3
5961,6,5,1
5962,11,5,6
5963,8,3,5
5964,9,5,4
5965,4,2,2
5966,7,3,4
5967,5,1,4
5968,10,6,4
5969,8,2,6
5970,9,6,3
5971,6,5,1
5972,6,4,2
5973,3,1,2
5974,7,1,6
5975,11,5,6
5976,6,4,2
5977,12,6,6
5978,10,4,6
5979,7,2,5
5980,12,6,6
5981,11,6,5
5982,8,5,3
5983,7,5,2
5984,10,5,5
5985,6,3,3
5986,3,2,1
5987,9,4,5
5988,7,3,4
5989,9,5,4
5990,10,6,4
5991,6,2,4
5992,6,4,2
5993,9,4,5
5994,8,6,2
5995,2,1,1
5996,11,5,6
5997,9,6,3
5998,10,5,5
5999,9,6,3
6000,10,4,6
